1810
1813
1817
1819
1821
1823
1825
1826
1827
1826
1826
1824
1825
1821
1818
1815
1812
1809
1805
1800
1797
1792
1788
1783
1779
1775
1770
1766
1762
1759
1757
1753
1751
1750
1750
1747
1747
1747
1748
1749
1751
1753
1755
1759
1762
1765
1769
1773
1778
1782
1787
1791
1796
1800
1804
1808
1811
1815
1817
1820
1822
1824
1827
1826
1826
1825
1825
1824
1822
1820
1817
1814
1810
1807
1803
1799
1795
1790
1786
1781
1777
1773
1770
1764
1761
1758
1755
1752
1750
1749
1748
1747
1747
1747
1748
1749
1752
1754
1757
1760
1763
1767
1771
1775
1778
1784
1789
1793
1797
1801
1805
1809
1813
1816
1819
1821
1823
1825
1826
1826
1827
1825
1825
1823
1821
1818
1816
1813
1809
1805
1801
1797
1793
1788
1784
1779
1775
1770
1767
1763
1762
1757
1754
1751
1750
1748
1747
1746
1748
1747
1750
1750
1753
1755
1758
1761
1765
1769
1773
1777
1782
1786
1790
1794
1799
1803
1807
1811
1814
1817
1820
1821
1824
1825
1826
1826
1826
1825
1824
1822
1820
1817
1815
1811
1807
1803
1799
1795
1792
1786
1782
1777
1773
1769
1765
1761
1759
1755
1753
1750
1749
1748
1747
1747
1747
1748
1750
1751
1754
1757
1760
1762
1766
1770
1775
1779
1783
1788
1793
1796
1801
1805
1809
1812
1816
1818
1821
1823
1825
1825
1826
1826
1826
1825
1824
1821
1819
1816
1813
1809
1805
1801
1797
1793
1789
1784
1781
1775
1771
1767
1763
1760
1757
1754
1752
1750
1749
1748
1747
1747
1748
1749
1750
1752
1755
1757
1761
1764
1768
1772
1777
1781
1785
1789
1793
1798
1803
1807
1810
1814
1817
1819
1821
1824
1825
1826
1826
1826
1826
1824
1824
1820
1818
1815
1812
1808
1804
1800
1796
1791
1787
1782
1778
1773
1770
1765
1762
1759
1756
1753
1751
1749
1748
1747
1747
1747
1748
1749
1751
1753
1756
1759
1762
1766
1770
1774
1778
1783
1787
1792
1796
1800
1805
1808
1812
1815
1818
1821
1823
1824
1825
1825
1826
1826
1824
1823
1821
1819
1817
1813
1810
1806
1802
1799
1794
1789
1785
1780
1776
1772
1768
1764
1761
1757
1754
1752
1750
1748
1749
1747
1747
1748
1748
1750
1752
1754
1757
1761
1764
1768
1773
1776
1780
1785
1789
1794
1798
1802
1806
1810
1815
1816
1819
1821
1824
1825
1826
1826
1826
1825
1824
1823
1821
1818
1816
1812
1808
1805
1800
1796
1792
1787
1783
1779
1775
1770
1766
1762
1759
1756
1753
1751
1749
1748
1747
1747
1747
1748
1749
1751
1753
1756
1759
1762
1765
1769
1774
1778
1782
1786
1791
1795
1800
1804
1808
1811
1815
1817
1820
1822
1826
1825
1826
1826
1826
1825
1824
1822
1820
1817
1814
1810
1807
1803
1799
1794
1790
1785
1781
1777
1773
1768
1764
1761
1758
1755
1752
1751
1749
1747
1747
1747
1749
1748
1750
1751
1754
1757
1760
1763
1768
1771
1776
1780
1784
1789
1793
1797
1802
1805
1809
1813
1816
1819
1821
1823
1823
1826
1826
1826
1826
1824
1823
1821
1820
1815
1812
1809
1805
1801
1797
1792
1788
1784
1779
1775
1770
1766
1763
1759
1756
1753
1751
1749
1748
1747
1747
1747
1748
1749
1751
1753
1756
1758
1761
1765
1769
1773
1776
1781
1788
1791
1795
1799
1804
1807
1811
1814
1817
1820
1823
1824
1825
1825
1826
1826
1825
1824
1822
1820
1817
1814
1811
1807
1804
1799
1794
1790
1783
1781
1777
1773
1769
1764
1761
1758
1755
1753
1751
1749
1748
1747
1747
1748
1748
1749
1752
1754
1757
1760
1763
1767
1771
1775
1779
1784
1789
1793
1797
1801
1805
1809
1813
1816
1819
1821
1823
1824
1825
1826
1826
1826
1826
1823
1821
1819
1816
1813
1806
1805
1802
1797
1793
1789
1785
1780
1776
1771
1767
1763
1760
1756
1754
1752
1750
1748
1747
1747
1747
1747
1749
1750
1753
1755
1758
1761
1764
1768
1773
1777
1781
1786
1790
1794
1799
1803
1807
1811
1814
1817
1820
1822
1824
1825
1825
1826
1826
1825
1824
1822
1820
1817
1815
1811
1808
1804
1800
1795
1791
1786
1782
1777
1773
1769
1765
1762
1758
1755
1753
1751
1749
1748
1749
1747
1747
1748
1749
1751
1752
1756
1759
1762
1766
1770
1774
1779
1783
1787
1792
1796
1800
1805
1806
1812
1816
1818
1821
1823
1824
1825
1826
1826
1826
1825
1823
1821
1820
1816
1813
1810
1806
1802
1798
1793
1789
1785
1780
1775
1768
1767
1764
1760
1757
1754
1754
1750
1749
1747
1747
1747
1749
1748
1750
1752
1754
1757
1761
1764
1768
1772
1776
1780
1785
1789
1794
1798
1802
1807
1810
1813
1817
1819
1822
1824
1825
1825
1826
1826
1825
1824
1823
1821
1818
1815
1812
1808
1805
1800
1797
1792
1787
1783
1778
1774
1770
1766
1759
1759
1756
1753
1751
1749
1748
1747
1747
1747
1748
1749
1751
1753
1756
1759
1762
1765
1770
1773
1778
1783
1787
1792
1796
1800
1805
1808
1810
1815
1818
1820
1823
1824
1825
1825
1826
1826
1824
1823
1822
1820
1817
1814
1812
1807
1803
1798
1794
1789
1784
1781
1777
1772
1768
1764
1761
1757
1755
1752
1751
1748
1747
1747
1747
1747
1748
1750
1751
1754
1757
1760
1764
1767
1772
1776
1780
1784
1789
1793
1798
1802
1806
1810
1813
1816
1816
1821
1823
1825
1825
1826
1826
1825
1824
1823
1821
1818
1815
1812
1809
1805
1801
1796
1792
1788
1783
1779
1776
1770
1767
1762
1759
1756
1754
1752
1749
1748
1747
1747
1747
1748
1749
1751
1753
1755
1758
1761
1765
1769
1773
1777
1782
1786
1791
1795
1799
1804
1808
1811
1815
1817
1821
1822
1824
1825
1824
1826
1826
1825
1824
1822
1819
1817
1816
1810
1807
1803
1799
1794
1790
1786
1781
1777
1773
1768
1765
1761
1758
1755
1753
1751
1749
1748
1747
1747
1745
1748
1749
1752
1754
1757
1760
1763
1767
1771
1775
1779
1784
1789
1793
1797
1801
1805
