1787
1786
1787
1786
1787
1786
1786
1786
1787
1787
1787
1786
1787
1786
1787
1786
1786
1786
1787
1787
1786
1787
1787
1787
1787
1786
1787
1787
1787
1787
1787
1786
1787
1786
1787
1786
1786
1786
1787
1787
1786
1786
1786
1786
1788
1786
1786
1787
1787
1787
1787
1787
1787
1786
1787
1786
1787
1786
1786
1787
1787
1786
1785
1786
1787
1786
1787
1786
1788
1786
1784
1786
1787
1786
1786
1786
1786
1786
1784
1787
1787
1786
1787
1786
1787
1786
1787
1786
1786
1786
1786
1786
1786
1786
1786
1786
1785
1787
1786
1786
1787
1787
1787
1787
1787
1786
1786
1786
1787
1786
1786
1786
1787
1787
1787
1786
1787
1786
1786
1787
1787
1786
1788
1787
1786
1786
1787
1786
1786
1786
1787
1786
1786
1786
1789
1786
1787
1786
1788
1786
1787
1787
1787
1786
1787
1786
1787
1786
1786
1786
1786
1787
1786
1786
1786
1786
1789
1786
1787
1786
1787
1786
1787
1786
1787
1786
1786
1786
1786
1786
1787
1786
1787
1787
1787
1786
1784
1787
1786
1786
1787
1786
1787
1787
1786
1786
1787
1787
1786
1786
1787
1786
1787
1787
1787
1786
1787
1786
1787
1786
1786
1786
1786
1786
1786
1786
1786
1786
1785
1786
1787
1786
1784
1787
1786
1786
1786
1786
1786
1786
1787
1786
1786
1786
1787
1786
1786
1786
1786
1786
1786
1787
1787
1786
1787
1786
1786
1786
1787
1786
1786
1786
1786
1786
1786
1786
1787
1786
1787
1787
1786
1786
1787
1786
1868
1865
1862
1860
1857
1855
1853
1851
1849
1847
1845
1844
1841
1840
1839
1837
1836
1834
1832
1831
1830
1828
1827
1826
1825
1824
1822
1821
1820
1820
1818
1817
1817
1816
1815
1814
1813
1812
1811
1811
1807
1809
1809
1808
1807
1807
1807
1805
1805
1805
1804
1803
1803
1802
1802
1801
1801
1800
1800
1800
1799
1799
1799
1798
1798
1797
1797
1797
1797
1796
1796
1796
1796
1795
1795
1794
1796
1794
1794
1794
1793
1793
1792
1793
1793
1793
1794
1793
1793
1792
1792
1792
1792
1791
1791
1791
1791
1791
1791
1791
1791
1790
1790
1790
1790
1790
1790
1790
1790
1789
1790
1789
1789
1789
1789
1789
1789
1789
1789
1789
1789
1789
1789
1789
1789
1788
1789
1788
1788
1788
1788
1788
1788
1788
1788
1788
1788
1788
1788
1788
1788
1788
1788
1788
1788
1788
1788
1788
1787
1788
1787
1787
1788
1787
1787
1788
1787
1787
1787
1787
1788
1787
1787
1787
1787
1787
1787
1787
1787
1787
1787
1787
1787
1787
1787
1787
1787
1787
1787
1787
1787
1787
1787
1787
1787
1787
1787
1787
1787
1787
1787
1787
1787
1787
1787
1787
1787
1787
1787
1787
1787
1786
1787
1787
1787
1786
1784
1787
1787
1787
1787
1787
1787
1787
1787
1787
1787
1786
1787
1787
1787
1787
1787
1786
1787
1787
1787
1787
1784
1787
1787
1786
1787
1786
1787
1787
1787
1786
1787
1787
1787
1786
1786
1787
1787
1786
1787
1787
1787
1786
1787
1787
1787
1786
1787
1786
1788
1786
1786
1786
1787
1786
1787
1787
1787
1787
1787
1786
1788
1787
1787
1786
1787
1786
1787
1786
1787
1786
1787
1786
1787
1787
1786
1787
1787
1786
1786
1787
1787
1787
1787
1786
1787
1786
1784
1786
1786
1786
1787
1786
1786
1786
1787
1787
1787
1786
1787
1787
1787
1786
1787
1786
1787
1786
1787
1786
1787
1787
1787
1786
1787
1786
1786
1786
1785
1787
1786
1787
1787
1786
1786
1786
1787
1786
1786
1787
1785
1786
1787
1787
1787
1787
1786
1787
1787
1787
1785
1786
1786
1786
1786
1786
1786
1786
1787
1787
1788
1787
1787
1787
1786
1786
1788
1786
1787
1786
1787
1786
1787
1786
1786
1786
1787
1786
1786
1786
1786
1787
1787
1786
1786
1786
1787
1786
1787
1786
1788
1786
1787
1786
1786
1786
1787
1787
1787
1786
1787
1787
1786
1786
1787
1786
1787
1786
1787
1786
1787
1787
1787
1786
1786
1787
1787
1787
1787
1787
1786
1787
1787
1786
1786
1786
1786
1786
1787
1786
1787
1786
1787
1786
1787
1786
1787
1786
1787
1787
1786
1786
1787
1786
1786
1786
1787
1786
1786
1787
1787
1786
1787
1787
1787
1786
1786
1787
1787
1786
1788
1786
1786
1787
1786
1786
1784
1787
1789
1787
1787
1786
1787
1786
1786
1787
1786
1787
1786
1786
1786
1786
1784
1786
1786
1787
1786
1787
1787
1786
1787
1786
1787
1787
1784
1786
1789
1787
1788
1787
1786
1786
1786
1787
1786
1787
1787
1786
1786
1786
1787
1786
1786
1786
1787
1787
1787
1786
1786
1786
1787
1787
1786
1786
1788
1787
1787
1786
1786
1786
1787
1787
1787
1786
1786
1786
1787
1786
1787
1786
1786
1787
1787
1786
1787
1786
1787
1786
1788
1786
1787
1786
1786
1786
1786
1786
1786
1786
1785
1786
1787
1786
1787
1786
1786
1786
1787
1786
1787
1786
1786
1786
1786
1786
1786
1786
1787
1787
1787
1786
1787
1787
1787
1786
1787
1786
1786
1786
1788
1786
1787
1786
1786
1786
1787
1786
1784
1787
1784
1787
1787
1786
1787
1786
1787
1786
1786
1786
1786
1786
1787
1786
1787
1786
1787
1787
1786
1787
1787
1786
1787
1786
1787
1787
1787
1786
1787
1786
1785
1786
1786
1786
1788
1787
1787
1787
1787
1786
1787
1786
1787
1786
1787
1787
1787
1786
1786
1786
1787
1786
1787
1786
1787
1787
1786
1786
1787
1786
1787
1786
1787
1786
1786
1786
1787
1786
1786
1787
1786
1787
1787
1786
1786
1787
1787
1786
1787
1786
1787
1786
1789
1786
1786
1786
1787
1786
1787
1786
1786
1787
1787
1787
1787
1786
1786
1787
1787
1786
1787
1786
1787
1787
1787
1786
1787
1786
1787
1786
1787
1787
1787
1786
1787
1786
1786
1787
1786
1786
1786
1786
1786
1786
1787
1786
1786
1786
1786
1787
1788
1787
1786
1786
1786
1786
1786
1787
1784
1786
1786
1786
1787
1786
1787
1787
1787
1786
1787
1786
1786
1787
