1781
1781
1781
1781
1782
1781
1782
1782
1780
1782
1783
1782
1783
1783
1783
1783
1783
1783
1783
1783
1784
1784
1784
1784
1784
1784
1784
1784
1784
1784
1784
1785
1784
1784
1785
1785
1785
1785
1786
1785
1786
1785
1785
1785
1785
1785
1785
1785
1785
1785
1785
1785
1785
1785
1785
1785
1785
1785
1786
1785
1786
1785
1786
1786
1785
1786
1786
1786
1786
1786
1786
1785
1788
1786
1786
1786
1785
1786
1786
1786
1786
1786
1786
1786
1786
1786
1786
1786
1786
1786
1786
1786
1786
1786
1787
1786
1786
1786
1786
1786
1786
1786
1786
1786
1786
1786
1786
1786
1786
1786
1786
1786
1786
1786
1786
1786
1786
1786
1787
1786
1786
1786
1786
1786
1786
1786
1786
1786
1786
1786
1787
1786
1787
1786
1786
1786
1786
1786
1786
1786
1786
1786
1786
1786
1786
1786
1786
1786
1787
1786
1788
1786
1789
1787
1787
1786
1787
1786
1787
1786
1786
1786
1866
1864
1861
1860
1857
1855
1853
1851
1849
1847
1845
1843
1842
1840
1838
1836
1835
1833
1833
1831
1829
1828
1827
1825
1824
1823
1823
1821
1820
1819
1818
1817
1818
1815
1815
1813
1814
1812
1812
1810
1810
1809
1808
1808
1807
1807
1806
1805
1805
1804
1804
1803
1803
1802
1803
1801
1800
1800
1797
1800
1799
1799
1799
1798
1798
1797
1797
1797
1796
1796
1796
1795
1795
1795
1794
1794
1794
1794
1794
1794
1793
1793
1793
1793
1791
1793
1790
1792
1792
1792
1792
1791
1791
1791
1791
1791
1791
1791
1791
1791
1790
1790
1790
1790
1790
1790
1790
1789
1790
1789
1789
1789
1791
1789
1789
1789
1787
1789
1789
1789
1789
1789
1789
1789
1789
1788
1789
1788
1788
1788
1788
1788
1788
1788
1790
1788
1788
1788
1788
1788
1788
1788
1788
1787
1789
1787
1788
1787
1784
1788
1788
1787
1788
1788
1788
1787
1788
1787
1787
1787
1787
1787
1787
1787
1787
1787
1787
1787
1787
1787
1787
1787
1786
1787
1787
1787
1787
1787
1787
1787
1787
1787
1787
1787
1787
1787
1787
1787
1787
1787
1787
1787
1787
1787
1787
1787
1787
1786
1789
1786
1786
1787
1787
1786
1787
1787
1787
1787
1787
1787
1787
1787
1787
1787
1787
1786
1787
1786
1787
1786
1788
1786
1787
1786
1787
1786
1783
1787
1787
1787
1787
1787
1787
1786
1787
1786
1786
1786
1787
1786
1787
1786
1787
1787
1787
1787
1786
1786
1705
1708
1712
1713
1715
1717
1721
1721
1724
1725
1727
1729
1731
1732
1734
1735
1737
1739
1740
1741
1743
1744
1745
1746
1748
1749
1750
1751
1753
1753
1754
1755
1757
1757
1759
1759
1760
1761
1761
1762
1763
1764
1764
1765
1765
1766
1767
1767
1768
1769
1769
1769
1770
1771
1771
1772
1773
1773
1773
1773
1773
1774
1775
1775
1775
1775
1776
1777
1777
1777
1777
1777
1778
1778
1780
1778
1779
1779
1779
1779
1779
1780
1780
1780
1780
1780
1781
1781
1781
1781
1781
1781
1784
1782
1782
1782
1782
1782
1783
1783
1783
1783
1785
1783
1783
1783
1783
1784
1784
1784
1784
1783
1784
1784
1784
1784
1784
1784
1784
1784
1784
1784
1785
1785
1781
1785
1785
1785
1785
1785
1785
1785
1785
1785
1785
1785
1785
1785
1785
1785
1785
1785
1785
1785
1785
1785
1785
1786
1786
1785
1786
1785
1786
1785
1786
1786
1786
1785
1785
1785
1785
1786
1786
1786
1786
1786
1786
1786
1786
1786
1786
1786
1786
1786
1786
1786
1786
1786
1786
1786
1786
1786
1786
1786
1786
1786
1786
1786
1786
1786
1786
1786
1786
1786
1786
1786
1786
1786
1786
1786
1786
1786
1786
1786
1786
1786
1786
1786
1786
1786
1786
1786
1788
1786
1787
1786
1788
1786
1787
1786
1786
1786
1788
1786
1786
1786
1786
1786
1786
1786
1786
1786
1787
1786
1787
1786
1786
1786
1787
1786
1786
1786
1787
1786
1787
1786
1786
1786
1786
1867
1865
1862
1860
1858
1856
1853
1851
1849
1848
1845
1845
1841
1841
1838
1837
1835
1833
1832
1831
1829
1829
1827
1826
1825
1823
1823
1821
1820
1820
1818
1817
1817
1815
1814
1815
1813
1812
1811
1810
1810
1809
1808
1808
1807
1807
1806
1805
1805
1804
1804
1803
1802
1802
1801
1802
1801
1800
1800
1800
1799
1799
1798
1798
1797
1797
1797
1797
1796
1796
1796
1796
1795
1795
1795
1795
1794
1794
1794
1794
1793
1793
1793
1794
1793
1793
1792
1792
1792
1792
1791
1792
1791
1792
1791
1791
1791
1791
1791
1790
1790
1790
1790
1790
1789
1790
1789
1789
1789
1789
1789
1789
1789
1791
1789
1789
1789
1789
1789
1789
1789
1789
1788
1788
1788
1788
1788
1788
1788
1788
1788
1788
1788
1788
1788
1788
1788
1788
1788
1788
1787
1788
1788
1788
1788
1788
1787
1788
1788
1788
1788
1788
1787
1787
1787
1787
1787
1788
1787
1787
1787
1787
1787
1786
1787
1787
1787
1787
1787
1788
1787
1788
1787
1787
1787
1787
1786
1787
1787
1787
1787
1787
1787
1787
1787
1787
1787
1787
1787
1787
1787
1788
1787
1787
1786
1787
1786
1787
1787
1787
1787
1787
1787
1787
1786
1787
1787
1787
1786
1787
1787
1787
1786
1786
1787
1786
1786
1786
1787
1787
1787
1787
1787
1787
1787
1787
1787
1787
1786
1787
1786
1786
1786
1787
1786
1787
1786
1787
1787
1787
1787
1787
1787
1787
1787
1787
1787
1787
1786
1707
1709
1712
1714
1717
1719
1721
1723
1725
1727
1729
1730
1732
1734
1736
1737
1738
1739
1741
1743
1744
1745
1746
1748
1749
1750
1751
1752
1753
1754
1755
1756
1757
1758
1759
1760
1761
1761
1763
1763
1764
1764
1765
1765
1766
1767
1767
1768
1768
1769
1770
1770
1770
1771
1771
1772
1772
1773
1773
1773
1774
1774
1775
1775
1776
1776
1776
1777
1777
1777
1777
1777
1778
1778
1777
1778
1778
1779
1779
1779
1780
1780
1780
1780
1781
1780
1781
1780
1781
1781
1781
1781
