1808
1808
1809
1808
1808
1808
1808
1809
1806
1809
1809
1809
1809
1809
1809
1809
1809
1809
1809
1809
1809
1809
1809
1808
1809
1808
1808
1808
1808
1808
1808
1808
1805
1807
1807
1807
1807
1807
1806
1806
1806
1806
1807
1805
1805
1805
1805
1804
1804
1804
1804
1803
1803
1802
1803
1802
1802
1801
1801
1800
1800
1800
1800
1799
1799
1798
1798
1797
1797
1796
1796
1796
1795
1795
1794
1794
1793
1793
1793
1792
1793
1791
1791
1790
1789
1789
1789
1789
1788
1787
1787
1786
1786
1785
1786
1785
1784
1784
1783
1782
1783
1782
1781
1781
1780
1780
1780
1779
1779
1778
1778
1777
1777
1776
1776
1776
1776
1775
1775
1774
1774
1773
1773
1773
1773
1772
1770
1771
1768
1770
1770
1769
1770
1769
1771
1769
1768
1768
1768
1767
1767
1767
1767
1767
1767
1766
1767
1766
1763
1765
1765
1765
1765
1765
1764
1765
1765
1764
1764
1764
1765
1764
1765
1764
1764
1764
1764
1764
1764
1764
1764
1764
1763
1764
1766
1764
1765
1765
1765
1765
1765
1765
1765
1766
1766
1766
1766
1766
1767
1767
1767
1767
1767
1768
1768
1768
1765
1769
1769
1769
1770
1770
1770
1770
1771
1771
1772
1772
1773
1773
1773
1773
1774
1774
1775
1775
1776
1776
1777
1777
1777
1778
1778
1778
1779
1779
1780
1780
1781
1781
1782
1782
1783
1783
1784
1784
1785
1785
1786
1786
1786
1786
1787
1788
1789
1789
1789
1789
1790
1791
1791
1791
1792
1793
1793
1793
1794
1794
1795
1795
1796
1796
1796
1797
1798
1797
1799
1798
1799
1799
1800
1800
1800
1801
1801
1801
1802
1802
1802
1802
1803
1803
1804
1804
1805
1804
1805
1805
1805
1805
1806
1806
1805
1807
1807
1807
1807
1807
1807
1807
1808
1808
1805
1808
1808
1808
1808
1808
1809
1809
1808
1809
1808
1809
1809
1809
1808
1809
1809
1808
1808
1808
1809
1808
1808
1809
1808
1808
1808
1808
1809
1807
1808
1807
1807
1807
1807
1806
1807
1806
1806
1805
1805
1805
1805
1805
1805
1804
1804
1803
1803
1803
1802
1802
1802
1801
1799
1801
1801
1800
1800
1799
1801
1799
1798
1797
1797
1797
1796
1796
1796
1795
1796
1794
1794
1793
1793
1793
1792
1791
1791
1791
1792
1789
1789
1789
1789
1788
1787
1787
1787
1786
1785
1785
1785
1784
1784
1783
1783
1782
1782
1781
1781
1780
1780
1779
1780
1778
1778
1777
1778
1777
1777
1776
1777
1775
1775
1775
1774
1773
1773
1773
1773
1772
1772
1771
1771
1770
1770
1770
1770
1769
1770
1769
1769
1768
1768
1768
1768
1767
1767
1767
1767
1767
1766
1766
1766
1765
1766
1765
1766
1765
1765
1765
1765
1764
1765
1764
1764
1764
1765
1764
1764
1764
1764
1764
1764
1764
1764
1764
1764
1764
1765
1764
1765
1764
1765
1765
1765
1765
1765
1765
1766
1766
1766
1766
1765
1767
1767
1767
1767
1767
1768
1768
1768
1768
1771
1769
1769
1769
1770
1770
1771
1771
1771
1772
1772
1772
1773
1773
1773
1773
1774
1774
1775
1775
1776
1777
1777
1777
1777
1778
1779
1779
1780
1780
1780
1781
1781
1781
1782
1783
1783
1783
1784
1785
1785
1786
1786
1786
1787
1787
1788
1789
1789
1789
1790
1790
1791
1791
1792
1792
1793
1793
1793
1793
1794
1795
1795
1795
1796
1796
1797
1797
1796
1798
1799
1799
1799
1800
1800
1800
1801
1801
1801
1802
1802
1802
1803
1803
1803
1804
1804
1804
1805
1805
1805
1805
1805
1806
1806
1806
1806
1807
1808
1807
1807
1808
1808
1808
1808
1808
1808
1808
1808
1808
1808
1808
1809
1809
1809
1809
1809
1809
1809
1809
1809
1808
1809
1808
1809
1808
1808
1808
1808
1808
1808
1808
1808
1808
1808
1807
1807
1807
1807
1807
1808
1806
1806
1805
1806
1805
1805
1805
1805
1805
1801
1804
1804
1803
1803
1802
1802
1802
1801
1801
1801
1800
1800
1800
1800
1799
1799
1798
1798
1797
1797
1796
1795
1796
1795
1794
1794
1794
1793
1793
1792
1792
1792
1791
1791
1790
1790
1789
1789
1788
1788
1787
1787
1786
1786
1785
1785
1785
1784
1783
1783
1783
1782
1782
1781
1781
1781
1780
1780
1779
1779
1778
1777
1777
1777
1777
1776
1776
1775
1775
1776
1774
1774
1773
1773
1773
1773
1772
1771
1771
1771
1770
1771
1770
1769
1769
1768
1768
1770
1768
1769
1768
1768
1767
1767
1767
1767
1766
1766
1766
1766
1765
1765
1765
1765
1765
1765
1765
1765
1764
1765
1764
1765
1764
1764
1764
1764
1764
1764
1764
1764
1764
1764
1764
1764
1764
1765
1765
1765
1765
1765
1765
1765
1765
1765
1765
1765
1766
1767
1766
1767
1767
1768
1767
1768
1768
1768
1768
1769
1769
1769
1769
1770
1769
1770
1770
1772
1771
1772
1772
1772
1773
1773
1773
1773
1774
1775
1775
1776
1776
1777
1777
1777
1777
1778
1778
1779
1779
1780
1780
1781
1781
1782
1782
1783
1783
1784
1784
1785
1785
1785
1786
1786
1787
1787
1788
1789
1789
1789
1790
1791
1791
1791
1791
1792
1793
1793
1793
1794
1794
1795
1795
1796
1796
1797
1796
1797
1798
1798
1798
1799
1799
1800
1800
1801
1800
1801
1801
1803
1802
1803
1802
1804
1803
1804
1804
1805
1805
1805
1805
1805
1805
1806
1806
1806
1806
1805
1807
1807
1807
1807
1808
1808
1808
1809
1808
1808
1808
1805
1808
1809
1809
1809
1808
1809
1809
1809
1809
1809
1809
1809
1809
1809
1808
1808
1808
1809
1808
1808
1808
1808
1808
1808
1807
1807
1807
1808
1807
1807
1807
1806
1806
1807
1805
1805
1805
1805
1804
1805
1804
1804
1803
1803
1803
1803
1802
1802
1801
1801
1801
1800
1800
1800
1799
1798
1798
1798
1797
1797
1797
1796
1796
1796
1795
1795
1794
1794
1793
1793
1792
1792
1791
1791
1791
1790
1789
1789
1789
1789
1788
1787
1787
1787
1786
1786
1785
1785
1784
1784
1783
1783
1782
1782
1781
