1801
1797
1794
1791
1787
1783
1780
1776
1773
1770
1767
1764
1761
1759
1756
1754
1753
1751
1750
1749
1749
1748
1749
1749
1751
1751
1753
1754
1757
1759
1761
1764
1767
1770
1773
1777
1781
1784
1788
1791
1794
1798
1801
1804
1808
1810
1813
1815
1819
1820
1821
1822
1824
1824
1825
1825
1824
1824
1823
1821
1820
1818
1816
1813
1811
1808
1805
1801
1799
1795
1792
1788
1785
1781
1778
1774
1771
1768
1763
1762
1760
1757
1755
1753
1752
1750
1749
1749
1749
1748
1749
1750
1751
1752
1753
1755
1758
1761
1763
1766
1769
1772
1776
1779
1783
1786
1790
1793
1796
1800
1805
1806
1808
1812
1816
1817
1819
1821
1822
1823
1824
1824
1824
1825
1824
1823
1822
1821
1819
1817
1815
1812
1809
1806
1803
1800
1797
1793
1790
1786
1783
1779
1776
1773
1769
1766
1764
1761
1758
1756
1755
1752
1751
1749
1751
1749
1748
1749
1749
1750
1752
1753
1755
1757
1756
1762
1764
1768
1771
1774
1777
1781
1785
1788
1792
1795
1799
1802
1805
1808
1811
1813
1816
1818
1820
1821
1823
1824
1824
1824
1826
1824
1824
1823
1821
1820
1817
1815
1813
1810
1808
1804
1801
1797
1794
1791
1789
1784
1781
1777
1773
1770
1767
1764
1762
1759
1757
1754
1753
1751
1751
1749
1749
1748
1749
1749
1749
1751
1753
1754
1755
1758
1761
1763
1767
1769
1773
1776
1780
1783
1787
1790
1793
1797
1800
1804
1807
1809
1812
1815
1817
1819
1821
1822
1823
1824
1824
1825
1824
1824
1823
1821
1820
1818
1816
1814
1812
1809
1806
1802
1800
1796
1792
1789
1785
1782
1778
1774
1769
1768
1765
1762
1760
1757
1756
1754
1752
1751
1751
1749
1748
1749
1749
1749
1751
1752
1753
1755
1757
1760
1763
1765
1768
1771
1775
1778
1783
1785
1789
1793
1796
1799
1803
1805
1808
1811
1814
1816
1817
1820
1821
1823
1824
1824
1824
1824
1824
1823
1823
1821
1819
1817
1815
1812
1810
1807
1804
1801
1797
1794
1791
1787
1784
1780
1776
1773
1770
1766
1764
1761
1759
1756
1754
1753
1751
1750
1749
1749
1749
1749
1750
1750
1751
1753
1754
1757
1759
1761
1764
1767
1770
1773
1777
1780
1784
1787
1791
1794
1798
1801
1804
1807
1810
1813
1816
1817
1819
1821
1823
1823
1824
1824
1825
1824
1824
1823
1821
1820
1818
1816
1813
1810
1808
1805
1802
1798
1795
1792
1789
1785
1781
1777
1774
1771
1768
1765
1762
1759
1757
1755
1753
1752
1751
1749
1749
1748
1749
1749
1750
1751
1752
1753
1756
1758
1761
1763
1766
1769
1772
1775
1779
1783
1786
1789
1793
1796
1800
1803
1806
1809
1812
1814
1817
1818
1820
1821
1823
1824
1824
1824
1824
1824
1824
1822
1821
1819
1817
1815
1813
1809
1806
1803
1800
1796
1793
1789
1786
1783
1779
1775
1773
1769
1766
1763
1761
1758
1756
1754
1752
1751
1750
1749
1748
1748
1749
1749
1750
1752
1753
1755
1757
1759
1762
1765
1768
1771
1774
1777
1781
1785
1788
1792
1795
1799
1802
1805
1808
1811
1813
1815
1818
1820
1821
1823
1824
1824
1824
1824
1821
1823
1822
1821
1820
1818
1816
1813
1810
1807
1805
1801
1798
1794
1791
1788
1785
1780
1777
1773
1770
1767
1764
1761
1759
1757
1755
1753
1752
1750
1749
1749
1748
1748
1749
1750
1751
1752
1754
1756
1758
1761
1764
1767
1770
1773
1776
1780
1783
1786
1790
1793
1797
1800
1804
1807
1810
1812
1814
1817
1819
1821
1824
1823
1824
1824
1825
1824
1824
1823
1822
1820
1819
1816
1814
1811
1805
1805
1803
1799
1796
1793
1789
1785
1782
1778
1775
1772
1769
1765
1762
1760
1757
1755
1754
1752
1751
1749
1748
1749
1749
1749
1749
1750
1752
1753
1755
1757
1758
1762
1762
1768
1769
1775
1778
1782
1785
1789
1792
1796
1801
1802
1805
1808
1811
1814
1816
1818
1822
1822
1824
1824
1824
1824
1825
1824
1825
1822
1821
1819
1817
1815
1813
1809
1807
1804
1800
1797
1794
1790
1787
1783
1780
1777
1773
1769
1767
1764
1761
1759
1757
1754
1753
1751
1750
1749
1749
1748
1749
1749
1750
1751
1753
1754
1756
1759
1761
1764
1767
1770
1773
1777
1780
1784
1788
1791
1794
1798
1801
1804
1808
1810
1813
1815
1817
1819
1821
1822
1823
1824
1824
1825
1824
1824
1823
1821
1820
1818
1816
1813
1811
1808
1805
1801
1799
1795
1792
1788
1787
1781
1778
1775
1773
1768
1765
1762
1760
1757
1755
1753
1752
1750
1749
1748
1749
1748
1749
1749
1751
1752
1754
1756
1758
1761
1765
1766
1769
1772
1775
1779
1782
1786
1789
1793
1796
1800
1804
1806
1809
1812
1815
1817
1818
1820
1822
1823
1824
1824
1824
1824
1824
1823
1822
1821
1821
1817
1815
1812
1809
1806
1804
1799
1796
1793
1790
1786
1783
1779
1776
1772
1769
1766
1763
1761
1758
1756
1754
1752
1751
1750
1749
1748
1749
1748
1749
1750
1752
1753
1754
1757
1760
1762
1765
1768
1771
1774
1777
1781
1785
1788
1792
1795
1799
1801
1805
1808
1810
1813
1815
1818
1820
1821
1822
1823
1824
1824
1824
1824
1824
1822
1821
1819
1818
1816
1813
1810
1808
1804
1803
1798
1794
1791
1789
1784
1780
1777
1773
1770
1767
1764
1761
1759
1757
1755
1754
1751
1752
1749
1749
1749
1749
1749
1750
1751
1752
1754
1756
1759
1761
1764
1767
1770
1770
1777
1779
1783
1787
1790
1793
1797
1800
1804
1807
1809
1812
1815
1819
1819
1821
1822
1823
1824
1824
1825
1824
1824
1823
1821
1820
1818
1816
1814
1812
1809
1806
1803
1799
1796
1793
1789
1785
1781
1778
1775
1772
1768
1765
1763
1760
1757
1756
1753
1752
1751
1749
1749
1749
1749
1749
1749
1749
1751
1753
1755
1757
1760
1762
1765
1768
1771
1775
1778
1782
1785
1789
1792
1796
1799
1802
1805
1809
1811
1814
1816
1819
1820
1821
1823
1824
1824
1825
1824
