1786
1787
1787
1787
1787
1786
1787
1786
1787
1787
1787
1787
1787
1786
1789
1787
1787
1787
1787
1787
1788
1787
1786
1787
1786
1786
1787
1786
1787
1786
1787
1786
1787
1787
1787
1786
1785
1787
1788
1787
1787
1786
1786
1786
1786
1786
1787
1786
1787
1786
1785
1786
1786
1786
1787
1786
1787
1787
1787
1787
1786
1787
1786
1786
1706
1709
1712
1714
1716
1718
1721
1722
1725
1726
1729
1730
1732
1733
1735
1736
1738
1739
1741
1742
1744
1745
1746
1747
1748
1750
1751
1752
1753
1754
1755
1756
1757
1758
1759
1759
1760
1761
1761
1762
1763
1764
1765
1765
1766
1767
1766
1768
1769
1769
1767
1770
1770
1771
1771
1772
1772
1772
1773
1773
1775
1774
1775
1775
1775
1776
1776
1777
1777
1777
1777
1777
1777
1777
1777
1778
1779
1779
1779
1779
1780
1780
1780
1780
1780
1780
1781
1781
1781
1781
1781
1781
1782
1782
1782
1782
1783
1782
1783
1783
1784
1783
1782
1783
1783
1784
1783
1784
1784
1783
1784
1784
1783
1784
1784
1784
1783
1785
1785
1784
1785
1785
1785
1785
1785
1785
1785
1785
1785
1785
1784
1785
1785
1785
1785
1785
1785
1785
1785
1785
1785
1785
1785
1785
1785
1785
1785
1785
1785
1785
1785
1785
1786
1786
1786
1786
1786
1786
1786
1786
1786
1786
1786
1786
1786
1786
1787
1786
1786
1786
1786
1786
1788
1786
1786
1786
1785
1786
1786
1786
1786
1786
1786
1786
1786
1786
1786
1786
1786
1786
1786
1786
1786
1786
1786
1786
1786
1786
1786
1786
1786
1786
1786
1786
1786
1786
1786
1786
1787
1786
1786
1786
1788
1786
1786
1786
1787
1786
1786
1786
1786
1786
1786
1786
1785
1786
1788
1787
1787
1786
1786
1786
1786
1786
1787
1786
1787
1786
1785
1786
1786
1786
1786
1786
1787
1786
1787
1786
1787
1786
1787
1786
1787
1786
1786
1786
1786
1786
1786
1786
1786
1786
1786
1786
1786
1787
1787
1786
1787
1787
1787
1786
1786
1786
1786
1786
1786
1786
1787
1786
1787
1787
1786
1786
1786
1786
1787
1786
1786
1786
1788
1786
1786
1786
1788
1786
1787
1786
1787
1786
1787
1787
1786
1787
1787
1786
1787
1786
1787
1786
1786
1786
1786
1786
1786
1786
1786
1787
1787
1786
1787
1786
1786
1787
1787
1787
1787
1786
1786
1786
1787
1786
1786
1786
1786
1786
1786
1786
1787
1786
1787
1786
1787
1787
1786
1786
1787
1786
1787
1786
1786
1787
1789
1786
1787
1786
1783
1786
1786
1786
1787
1786
1786
1786
1787
1786
1788
1786
1786
1786
1787
1786
1786
1787
1787
1786
1787
1786
1787
1786
1787
1786
1787
1786
1786
1786
1786
1786
1786
1786
1787
1786
1787
1786
1787
1786
1787
1786
1786
1786
1786
1786
1786
1786
1786
1786
1787
1786
1787
1786
1787
1786
1787
1786
1786
1786
1787
1786
1786
1786
1788
1786
1786
1786
1787
1786
1787
1786
1787
1786
1787
1786
1786
1787
1786
1786
1786
1787
1787
1786
1786
1786
1787
1786
1787
1786
1787
1787
1787
1787
1787
1786
1786
1786
1786
1786
1786
1786
1787
1787
1787
1786
1787
1786
1787
1786
1787
1786
1785
1786
1787
1786
1787
1786
1787
1786
1787
1786
1789
1786
1787
1786
1787
1786
1784
1786
1788
1786
1788
1866
1864
1861
1859
1857
1855
1853
1851
1849
1847
1845
1843
1841
1840
1839
1837
1835
1834
1832
1831
1829
1828
1827
1826
1824
1824
1822
1821
1820
1819
1818
1817
1816
1815
1815
1813
1813
1812
1811
1810
1809
1809
1808
1808
1807
1807
1805
1805
1805
1804
1804
1803
1802
1802
1801
1801
1801
1801
1800
1800
1799
1799
1799
1799
1798
1798
1797
1797
1796
1796
1796
1796
1795
1795
1795
1795
1794
1793
1793
1795
1793
1793
1793
1793
1793
1793
1793
1792
1792
1792
1791
1792
1791
1791
1791
1791
1791
1791
1790
1791
1791
1788
1790
1790
1790
1790
1789
1789
1789
1789
1789
1789
1789
1789
1789
1789
1789
1790
1789
1789
1789
1789
1789
1788
1789
1789
1789
1788
1788
1788
1788
1788
1788
1789
1788
1788
1788
1788
1788
1788
1788
1787
1788
1788
1788
1788
1788
1788
1787
1788
1787
1788
1787
1788
1787
1787
1788
1788
1787
1787
1787
1789
1787
1787
1787
1787
1787
1787
1787
1787
1787
1787
1787
1788
1787
1785
1787
1786
1787
1787
1787
1787
1787
1787
1787
1787
1786
1787
1787
1787
1787
1787
1787
1787
1787
1787
1787
1787
1786
1785
1786
1787
1786
1787
1787
1787
1786
1787
1787
1787
1787
1787
1787
1788
1787
1787
1787
1787
1787
1787
1786
1787
1786
1787
1787
1787
1787
1786
1787
1787
1786
1787
1787
1787
1786
1787
1787
1786
1786
1786
1786
1787
1787
1785
1787
1787
1787
1787
1787
1787
1786
1787
1787
1786
1786
1786
1787
1786
1786
1787
1786
1786
1786
1787
1786
1787
1787
1787
1787
1787
1787
1787
1787
1787
1787
1787
1786
1786
1787
1785
1786
1787
1786
1786
1787
1787
1786
1787
1787
1787
1786
1787
1786
1786
1786
1787
1786
1787
1787
1787
1786
1787
1786
1787
1787
1786
1786
1788
1787
1785
1787
1786
1786
1786
1786
1787
1786
1788
1787
1787
1786
1787
1786
1787
1787
1786
1786
1787
1787
1786
1786
1786
1787
1787
1787
1787
1786
1787
1787
1787
1786
1787
1786
1787
1786
1786
1786
1787
1786
1787
1786
1786
1786
1787
1786
1787
1786
1787
1787
1786
1786
1787
1786
1786
1786
1786
1786
1786
1786
1788
1787
1786
1786
1787
1787
1786
1786
1784
1787
1787
1786
1787
1786
1787
1786
1787
1786
1787
1786
1787
1786
1787
1787
1786
1786
1787
1787
1787
1786
1787
1786
1788
1787
1787
1786
1789
1786
1786
1787
1786
1786
1787
1786
1787
1786
1787
1786
1787
1786
1786
1786
1785
1786
1787
1786
1788
1787
1787
1787
1787
1787
1787
1787
1787
1786
1789
1786
1786
1786
1787
1786
1787
1786
1787
1786
1787
1787
