1796
1797
1797
1798
1799
1800
1801
1802
1802
1803
1804
1805
1806
1806
1807
1808
1809
1809
1810
1810
1811
1811
1813
1812
1813
1813
1813
1813
1814
1815
1815
1815
1816
1815
1815
1815
1815
1815
1816
1815
1816
1815
1815
1815
1815
1815
1815
1814
1816
1813
1813
1813
1813
1812
1813
1811
1811
1810
1811
1809
1808
1808
1806
1806
1805
1805
1804
1803
1803
1801
1801
1800
1799
1798
1797
1796
1795
1794
1793
1793
1789
1791
1790
1789
1788
1787
1786
1785
1784
1783
1782
1781
1780
1779
1779
1777
1774
1776
1775
1774
1773
1772
1772
1771
1770
1769
1768
1767
1764
1766
1766
1765
1765
1763
1763
1762
1762
1761
1761
1761
1761
1760
1759
1759
1759
1759
1759
1758
1758
1757
1758
1758
1757
1757
1758
1757
1758
1758
1758
1758
1758
1759
1759
1759
1759
1760
1760
1761
1761
1761
1761
1762
1762
1763
1764
1765
1765
1766
1767
1767
1768
1769
1770
1770
1772
1772
1773
1773
1775
1776
1777
1777
1778
1779
1780
1781
1782
1783
1784
1785
1786
1787
1788
1788
1790
1791
1792
1793
1793
1794
1796
1796
1797
1798
1799
1800
1800
1801
1802
1803
1804
1804
1805
1806
1807
1807
1808
1809
1809
1810
1810
1811
1812
1812
1813
1813
1813
1813
1814
1814
1815
1815
1815
1815
1815
1815
1816
1816
1816
1816
1815
1815
1815
1815
1815
1815
1815
1814
1814
1813
1813
1813
1813
1812
1812
1812
1811
1810
1810
1809
1809
1808
1809
1806
1806
1805
1804
1803
1803
1802
1801
1800
1800
1799
1798
1797
1796
1795
1794
1793
1792
1791
1790
1789
1789
1787
1786
1785
1784
1784
1783
1781
1781
1780
1781
1778
1777
1776
1775
1774
1775
1772
1772
1771
1772
1769
1769
1768
1767
1767
1766
1765
1765
1764
1763
1763
1762
1761
1761
1761
1760
1760
1760
1759
1759
1759
1759
1759
1758
1758
1758
1757
1758
1757
1757
1757
1758
1757
1758
1758
1758
1759
1759
1759
1760
1760
1761
1760
1761
1761
1762
1762
1763
1763
1764
1764
1764
1765
1766
1767
1768
1769
1769
1770
1771
1772
1773
1773
1775
1775
1777
1777
1778
1779
1780
1781
1782
1783
1784
1785
1785
1786
1788
1789
1790
1791
1791
1793
1793
1794
1795
1796
1797
1797
1799
1799
1801
1801
1800
1802
1804
1805
1805
1805
1807
1807
1808
1808
1809
1810
1810
1811
1811
1812
1812
1812
1813
1813
1814
1814
1815
1815
1815
1815
1816
1815
1815
1815
1814
1815
1816
1815
1815
1815
1815
1815
1815
1814
1814
1813
1813
1813
1813
1812
1812
1811
1811
1810
1809
1809
1809
1808
1807
1807
1806
1805
1805
1804
1803
1802
1801
1800
1800
1798
1800
1797
1797
1795
1794
1793
1793
1791
1791
1789
1789
1787
1787
1785
1785
1784
1783
1781
1777
1780
1779
1778
1777
1776
1776
1775
1776
1773
1772
1771
1771
1769
1766
1768
1768
1766
1766
1765
1765
1764
1764
1763
1762
1762
1761
1761
1761
1760
1760
1760
1759
1759
1758
1758
1758
1758
1758
1758
1758
1757
1757
1757
1757
1758
1758
1758
1758
1758
1759
1759
1759
1760
1760
1760
1761
1761
1761
1762
1762
1763
1764
1764
1765
1765
1766
1767
1768
1769
1769
1770
1771
1771
1772
1773
1774
1775
1776
1777
1778
1779
1780
1781
1782
1782
1783
1784
1785
1786
1787
1788
1789
1790
1791
1792
1793
1794
1797
1796
1797
1797
1799
1799
1800
1801
1802
1802
1804
1804
1807
1805
1806
1807
1808
1808
1809
1809
1810
1811
1812
1811
1812
1812
1813
1813
1814
1814
1814
1815
1815
1815
1815
1815
1816
1815
1816
1815
1816
1815
1815
1815
1815
1815
1815
1814
1815
1814
1813
1813
1813
1812
1812
1812
1812
1810
1810
1809
1809
1808
1808
1807
1807
1805
1805
1804
1803
1802
1802
1801
1800
1799
1798
1797
1795
1796
1795
1793
1793
1791
1791
1789
1789
1788
1787
1786
1787
1784
1783
1782
1781
1780
1780
1778
1777
1777
1776
1775
1774
1773
1772
1771
1771
1770
1769
1769
1768
1767
1766
1765
1761
1764
1763
1763
1762
1761
1761
1761
1761
1760
1760
1759
1760
1759
1759
1758
1759
1758
1758
1758
1758
1757
1757
1757
1758
1758
1758
1758
1759
1758
1759
1759
1758
1759
1760
1760
1761
1761
1761
1762
1762
1763
1764
1764
1764
1765
1766
1767
1768
1768
1771
1769
1770
1771
1772
1773
1774
1775
1776
1776
1777
1778
1780
1780
1781
1782
1783
1784
1785
1786
1787
1788
1789
1790
1791
1792
1793
1793
1794
1795
1795
1797
1798
1799
1800
1801
1801
1802
1803
1804
1805
1805
1806
1807
1808
1808
1809
1809
1810
1810
1811
1812
1812
1812
1813
1813
1814
1814
1814
1814
1815
1815
1815
1815
1815
1815
1813
1815
1816
1815
1815
1815
1815
1815
1815
1815
1814
1814
1811
1813
1813
1812
1814
1812
1812
1810
1811
1809
1809
1808
1808
1807
1807
1806
1805
1804
1803
1802
1802
1801
1802
1799
1798
1797
1796
1795
1793
1794
1793
1792
1791
1790
1789
1788
1787
1786
1785
1784
1783
1783
1781
1781
1780
1779
1780
1777
1776
1775
1774
1773
1773
1772
1771
1770
1769
1768
1768
1767
1767
1766
1765
1765
1764
1763
1763
1762
1762
1761
1761
1760
1760
1759
1760
1759
1759
1758
1758
1758
1758
1758
1758
1758
1757
1757
1758
1758
1759
1758
1758
1758
1759
1759
1757
1759
1760
1760
1761
1761
1761
1762
1762
1763
1763
1764
1764
1765
1766
1766
1767
1768
1769
1769
1770
1771
1772
1773
1774
1775
1776
1776
1777
1778
1779
1780
1783
1782
1784
1784
1784
1786
1787
1788
1788
1789
1791
1792
1793
1793
1794
1795
1796
1797
1798
1798
1799
1800
1801
1802
1803
1804
1804
1805
1806
1807
1808
1808
1808
1809
1810
1810
1812
1811
1812
1812
1813
1813
1813
1813
1815
1815
1815
1815
1817
1815
1816
1815
1816
1815
1815
1815
1815
1815
1815
1815
1815
1815
1815
1814
