1812
1812
1812
1812
1812
1812
1812
1812
1811
1812
1812
1812
1812
1812
1812
1812
1812
1812
1812
1812
1812
1812
1812
1812
1812
1812
1812
1812
1812
1812
1812
1812
1812
1812
1810
1812
1812
1812
1812
1812
1814
1812
1812
1812
1812
1812
1812
1812
1813
1812
1812
1812
1812
1812
1813
1812
1812
1812
1812
1812
1812
1812
1813
1812
1812
1812
1812
1812
1812
1812
1812
1812
1814
1812
1812
1812
1812
1812
1813
1812
1812
1812
1812
1812
1812
1812
1812
1812
1812
1812
1814
1812
1812
1812
1812
1812
1814
1812
1811
1812
1811
1812
1812
1812
1812
1812
1812
1812
1812
1812
1812
1812
1812
1812
1812
1812
1810
1812
1812
1812
1812
1812
1812
1812
1812
1812
1812
1812
1813
1812
1813
1812
1812
1812
1812
1812
1812
1812
1812
1812
1809
1812
1812
1812
1812
1812
1812
1812
1812
1812
1812
1812
1812
1812
1812
1812
1812
1812
1812
1812
1812
1812
1812
1812
1812
1812
1813
1812
1812
1812
1812
1812
1812
1812
1812
1812
1812
1812
1812
1812
1813
1812
1813
1812
1814
1812
1812
1812
1812
1812
1813
1812
1812
1812
1812
1812
1812
1812
1812
1812
1812
1812
1812
1812
1812
1812
1812
1812
1812
1812
1812
1812
1814
1812
1812
1812
1812
1812
1812
1812
1812
1812
1812
1812
1812
1812
1812
1812
1812
1812
1814
1812
1812
1812
1812
1812
1812
1812
1812
1812
1812
1812
1812
1892
1889
1887
1884
1881
1879
1877
1876
1872
1871
1868
1867
1865
1863
1861
1860
1858
1857
1855
1853
1852
1851
1849
1849
1847
1846
1844
1844
1842
1842
1841
1840
1839
1838
1837
1836
1836
1835
1834
1833
1833
1832
1831
1831
1829
1829
1829
1828
1827
1827
1827
1827
1825
1825
1825
1825
1824
1824
1824
1823
1823
1822
1822
1821
1821
1821
1821
1820
1821
1820
1820
1820
1819
1819
1818
1818
1818
1818
1818
1817
1817
1817
1817
1817
1817
1817
1817
1817
1817
1816
1816
1816
1816
1816
1816
1815
1815
1815
1815
1815
1815
1815
1815
1815
1815
1814
1814
1815
1815
1811
1815
1815
1814
1814
1814
1815
1814
1814
1813
1814
1813
1813
1813
1813
1813
1814
1813
1813
1813
1815
1813
1813
1813
1813
1813
1813
1813
1813
1813
1813
1813
1813
1813
1813
1813
1813
1813
1813
1813
1814
1813
1812
1812
1812
1813
1812
1812
1813
1812
1812
1813
1813
1813
1813
1813
1813
1812
1813
1813
1813
1812
1812
1812
1813
1812
1813
1812
1812
1812
1812
1812
1813
1812
1812
1812
1812
1812
1812
1812
1812
1812
1812
1812
1809
1812
1812
1812
1813
1812
1813
1812
1813
1812
1813
1812
1812
1812
1812
1812
1812
1812
1812
1812
1812
1812
1813
1812
1812
1812
1813
1812
1812
1812
1813
1812
1812
1812
1812
1812
1812
1812
1812
1812
1812
1812
1813
1812
1813
1812
1813
1812
1812
1812
1812
1812
1812
1812
1812
1812
1812
1812
1812
1812
1814
1812
1812
1812
1812
1812
1812
1812
1812
1812
1812
1812
1812
1812
1812
1812
1812
1812
1812
1812
1812
1812
1812
1812
1812
1812
1812
1812
1812
1812
1812
1812
1812
1812
1812
1812
1812
1812
1812
1812
1812
1812
1812
1812
1812
1812
1812
1812
1812
1812
1812
1812
1812
1812
1812
1812
1812
1812
1812
1812
1811
1812
1812
1812
1813
1812
1813
1812
1812
1812
1812
1812
1812
1812
1812
1812
1812
1812
1812
1812
1812
1812
1812
1812
1812
1812
1810
1812
1812
1812
1813
1812
1812
1812
1813
1812
1812
1812
1812
1812
1812
1812
1812
1812
1812
1812
1812
1812
1812
1812
1813
1812
1814
1812
1812
1812
1812
1812
1812
1812
1812
1812
1812
1812
1812
1812
1812
1812
1812
1812
1812
1812
1812
1812
1812
1812
1812
1812
1812
1812
1814
1812
1812
1812
1812
1812
1812
1812
1812
1812
1812
1812
1812
1812
1813
1812
1812
1812
1812
1812
1812
1812
1812
1812
1812
1812
1812
1812
1814
1812
1812
1812
1812
1812
1812
1812
1812
1812
1812
1812
1812
1812
1812
1812
1812
1812
1812
1812
1810
1812
1812
1812
1812
1812
1813
1812
1812
1812
1812
1812
1812
1812
1812
1812
1812
1812
1812
1812
1812
1812
1812
1812
1812
1812
1812
1812
1812
1812
1812
1812
1812
1812
1813
1812
1812
1812
1809
1812
1812
1812
1812
1812
1812
1812
1812
1812
1812
1812
1812
1812
1812
1812
1812
1812
1812
1812
1812
1812
1812
1812
1812
1812
1812
1812
1812
1812
1812
1812
1814
1812
1813
1812
1812
1812
1812
1812
1812
1812
1812
1812
1813
1812
1812
1812
1811
1812
1812
1812
1812
1812
1812
1812
1812
1812
1812
1812
1812
1812
1812
1812
1812
1812
1812
1812
1812
1812
1812
1812
1813
1812
1812
1812
1812
1812
1812
1812
1812
1812
1812
1812
1812
1812
1812
1812
1812
1812
1812
1812
1812
1812
1812
1812
1813
1812
1812
1812
1812
1812
1812
1812
1812
1812
1814
1812
1812
1812
1812
1812
1812
1812
1812
1812
1812
1812
1812
1812
1812
1812
1812
1812
1812
1812
1812
1812
1812
1812
1812
1812
1812
1812
1812
1812
1811
1812
1812
1812
1812
1812
1812
1812
1812
1812
1812
1812
1812
1812
1812
1812
1812
1812
1812
1812
1812
1812
1812
1812
1812
1812
1812
1812
1811
1812
1812
1812
1812
1812
1813
1812
1811
1812
1812
1812
1812
1812
1812
1812
1812
1812
1812
1812
1812
1812
1813
1812
1810
1812
1812
1812
1810
1812
1813
1812
1812
1812
1812
1812
1812
1812
1812
1812
1812
1812
1812
1812
1812
1812
1812
1812
1812
1812
1812
1812
1812
1812
1812
1812
1812
1812
1812
1812
1814
1812
1812
1812
1812
1812
1812
1812
1812
1812
1812
1812
1812
1812
1812
1812
1812
1812
1812
1812
1812
1812
1812
1812
1812
1812
1812
1812
1812
1812
1809
1812
1812
1812
1812
1812
1812
1812
1812
1812
1812
1812
1812
1812
1812
1812
1812
1812
1812
1812
1812
1812
1812
1812
