1812
1812
1812
1812
1813
1812
1814
1812
1812
1812
1812
1812
1812
1812
1812
1812
1812
1812
1812
1812
1812
1812
1812
1812
1810
1812
1812
1812
1812
1812
1812
1812
1812
1812
1812
1812
1813
1812
1812
1812
1812
1812
1812
1812
1812
1812
1811
1812
1812
1812
1812
1812
1734
1736
1739
1741
1744
1746
1748
1751
1753
1754
1757
1758
1760
1762
1764
1765
1767
1768
1769
1771
1773
1774
1775
1777
1777
1778
1780
1781
1782
1783
1784
1785
1787
1787
1788
1789
1789
1790
1792
1791
1792
1793
1793
1793
1792
1795
1796
1796
1796
1797
1798
1798
1799
1799
1799
1800
1801
1801
1801
1801
1802
1802
1800
1802
1803
1803
1804
1804
1804
1805
1805
1805
1805
1805
1805
1806
1806
1806
1806
1807
1807
1807
1807
1807
1807
1808
1808
1808
1808
1808
1810
1808
1809
1809
1809
1809
1809
1809
1810
1809
1809
1809
1809
1809
1809
1810
1810
1810
1810
1810
1810
1810
1810
1810
1810
1810
1811
1810
1810
1810
1811
1811
1811
1811
1811
1811
1810
1811
1809
1811
1811
1811
1812
1811
1811
1811
1810
1811
1811
1811
1811
1811
1812
1811
1812
1811
1812
1812
1812
1811
1812
1812
1812
1811
1813
1812
1812
1811
1812
1812
1812
1812
1811
1812
1812
1812
1812
1811
1812
1812
1812
1812
1812
1812
1812
1812
1812
1812
1812
1812
1812
1812
1812
1812
1812
1812
1814
1812
1812
1812
1812
1812
1811
1812
1812
1812
1812
1812
1812
1812
1812
1812
1812
1812
1812
1812
1812
1812
1812
1812
1812
1812
1812
1812
1812
1812
1812
1812
1812
1812
1812
1812
1812
1812
1812
1812
1812
1812
1809
1812
1812
1812
1812
1812
1814
1812
1812
1812
1812
1812
1812
1812
1812
1812
1812
1812
1812
1812
1812
1812
1812
1812
1812
1812
1812
1812
1812
1812
1812
1812
1813
1812
1812
1812
1812
1812
1812
1812
1812
1812
1812
1812
1812
1812
1812
1812
1812
1812
1812
1812
1812
1812
1812
1812
1812
1812
1812
1812
1812
1812
1812
1812
1812
1812
1812
1812
1812
1812
1812
1812
1812
1812
1812
1812
1812
1812
1812
1812
1814
1812
1812
1812
1812
1812
1812
1812
1812
1812
1812
1812
1812
1812
1812
1812
1812
1812
1812
1812
1812
1812
1812
1812
1812
1812
1812
1812
1812
1812
1812
1812
1812
1812
1812
1812
1812
1812
1812
1812
1812
1812
1812
1812
1812
1812
1812
1812
1812
1812
1812
1812
1814
1812
1813
1812
1814
1812
1812
1812
1812
1812
1812
1812
1812
1812
1814
1812
1812
1812
1812
1812
1812
1812
1812
1812
1813
1813
1813
1812
1812
1812
1812
1812
1812
1812
1812
1812
1812
1812
1812
1812
1812
1812
1812
1812
1813
1812
1812
1812
1812
1812
1812
1812
1812
1812
1812
1812
1812
1812
1812
1812
1812
1812
1812
1812
1812
1812
1813
1812
1812
1812
1812
1812
1812
1812
1812
1812
1812
1812
1812
1812
1812
1812
1812
1812
1812
1812
1811
1812
1812
1812
1812
1812
1812
1812
1813
1812
1813
1812
1812
1812
1812
1812
1811
1812
1814
1812
1812
1812
1812
1812
1812
1812
1812
1812
1812
1812
1812
1812
1812
1812
1812
1812
1812
1812
1812
1812
1812
1812
1812
1812
1812
1812
1812
1812
1812
1812
1813
1812
1813
1812
1812
1812
1812
1812
1812
1812
1812
1812
1812
1812
1812
1812
1812
1812
1812
1812
1812
1812
1812
1812
1812
1812
1812
1812
1814
1812
1812
1812
1812
1812
1811
1812
1812
1812
1812
1812
1812
1812
1811
1812
1812
1812
1812
1812
1814
1812
1812
1812
1812
1812
1812
1812
1812
1812
1812
1812
1812
1812
1812
1812
1812
1812
1812
1812
1814
1812
1812
1812
1812
1812
1812
1812
1812
1812
1812
1812
1812
1812
1812
1812
1812
1812
1812
1812
1812
1812
1812
1812
1809
1812
1812
1812
1812
1812
1812
1812
1812
1812
1812
1812
1812
1812
1812
1812
1810
1812
1814
1812
1812
1812
1812
1812
1812
1812
1812
1812
1812
1812
1812
1812
1812
1812
1814
1812
1812
1812
1812
1812
1813
1812
1812
1812
1812
1812
1812
1812
1812
1812
1813
1812
1812
1812
1812
1812
1812
1812
1812
1812
1812
1812
1812
1812
1812
1812
1812
1812
1812
1812
1812
1812
1812
1812
1812
1812
1812
1812
1812
1812
1812
1812
1812
1812
1812
1812
1812
1812
1812
1812
1813
1812
1812
1812
1812
1812
1812
1812
1812
1812
1812
1812
1812
1812
1812
1812
1813
1812
1810
1812
1812
1812
1812
1812
1812
1812
1814
1812
1812
1812
1812
1812
1812
1812
1812
1812
1812
1812
1812
1812
1812
1812
1813
1812
1812
1812
1812
1812
1812
1812
1812
1812
1812
1812
1812
1812
1812
1812
1812
1812
1812
1812
1812
1812
1812
1812
1812
1812
1812
1812
1812
1812
1812
1812
1812
1812
1812
1812
1812
1812
1812
1812
1812
1812
1812
1812
1812
1812
1812
1812
1812
1812
1812
1812
1812
1812
1812
1812
1811
1812
1812
1812
1812
1812
1812
1812
1812
1812
1812
1812
1812
1812
1813
1812
1812
1812
1812
1812
1812
1812
1812
1812
1809
1812
1812
1812
1812
1812
1812
1812
1813
1812
1812
1812
1812
1812
1812
1812
1812
1812
1812
1812
1812
1812
1812
1812
1812
1812
1812
1812
1812
1812
1810
1812
1812
1812
1812
1812
1812
1812
1812
1812
1812
1812
1812
1812
1813
1812
1812
1812
1812
1812
1812
1812
1812
1812
1812
1812
1812
1812
1812
1812
1812
1812
1812
1812
1811
1812
1813
1812
1812
1812
1812
1812
1812
1812
1812
1812
1813
1812
1812
1812
1812
1812
1812
1812
1812
1812
1812
1812
1811
1812
1812
1812
1812
1812
1814
1812
1812
1812
1812
1812
1812
1812
1812
1812
1813
1812
1812
1812
1812
1812
1812
1812
1812
1812
1812
1812
1812
1812
1812
1812
1812
1812
1812
1812
1812
1812
1812
1812
1812
1812
1812
1812
1812
1812
1812
1812
1813
1812
1812
1812
1812
1812
1812
1812
1812
1812
1812
1812
