1791
1792
1791
1794
1796
1798
1799
1800
1801
1803
1804
1805
1807
1808
1809
1810
1811
1812
1813
1813
1814
1815
1816
1816
1817
1817
1820
1818
1819
1819
1819
1819
1820
1819
1819
1819
1819
1818
1819
1818
1817
1817
1817
1816
1815
1815
1814
1813
1812
1811
1810
1809
1808
1807
1805
1804
1803
1801
1800
1799
1799
1796
1795
1793
1792
1791
1789
1788
1786
1785
1783
1782
1780
1779
1777
1776
1775
1773
1772
1770
1770
1768
1767
1766
1767
1764
1763
1762
1761
1760
1759
1758
1758
1757
1757
1756
1756
1755
1755
1754
1755
1754
1754
1754
1754
1754
1752
1754
1755
1755
1755
1756
1757
1757
1755
1758
1757
1760
1761
1762
1763
1764
1765
1766
1767
1768
1768
1771
1772
1773
1775
1776
1778
1779
1781
1782
1784
1785
1786
1788
1789
1791
1792
1793
1795
1796
1797
1799
1801
1801
1803
1804
1805
1807
1808
1809
1810
1811
1812
1812
1813
1814
1815
1816
1816
1817
1817
1818
1818
1818
1818
1819
1819
1819
1819
1819
1819
1819
1818
1818
1818
1817
1817
1816
1816
1815
1814
1813
1812
1812
1811
1809
1809
1808
1806
1805
1805
1802
1801
1800
1798
1797
1796
1794
1793
1792
1790
1789
1787
1786
1784
1783
1781
1780
1778
1777
1776
1774
1775
1772
1770
1769
1768
1767
1766
1764
1764
1762
1762
1761
1760
1759
1758
1757
1754
1756
1756
1756
1755
1755
1754
1754
1754
1754
1754
1754
1754
1754
1755
1755
1755
1755
1756
1757
1757
1757
1758
1759
1760
1761
1762
1763
1764
1765
1766
1767
1769
1770
1771
1773
1773
1775
1778
1778
1780
1781
1782
1784
1785
1787
1788
1790
1791
1793
1794
1795
1797
1798
1800
1801
1802
1803
1805
1805
1807
1808
1809
1810
1811
1812
1813
1814
1815
1815
1816
1817
1817
1817
1818
1818
1819
1819
1819
1819
1819
1819
1820
1819
1819
1818
1818
1817
1817
1817
1816
1815
1815
1814
1813
1812
1811
1810
1809
1808
1807
1806
1806
1804
1802
1801
1800
1798
1797
1795
1794
1793
1792
1790
1789
1787
1785
1784
1783
1781
1780
1778
1777
1776
1774
1773
1773
1770
1769
1767
1768
1765
1764
1764
1762
1761
1760
1760
1759
1758
1757
1757
1757
1756
1755
1754
1755
1754
1754
1754
1754
1754
1754
1754
1753
1755
1755
1755
1756
1756
1757
1757
1757
1759
1760
1760
1761
1762
1763
1764
1765
1767
1768
1769
1770
1772
1773
1774
1776
1777
1778
1780
1781
1783
1784
1785
1787
1789
1790
1791
1793
1794
1796
1797
1800
1800
1801
1802
1803
1805
1806
1807
1809
1809
1811
1811
1812
1813
1814
1815
1816
1816
1817
1817
1818
1818
1818
1819
1821
1819
1819
1819
1819
1819
1819
1818
1819
1818
1818
1817
1818
1816
1816
1815
1814
1813
1812
1811
1810
1809
1808
1807
1806
1805
1803
1802
1801
1800
1798
1797
1795
1794
1793
1791
1789
1788
1789
1785
1784
1782
1781
1779
1778
1777
1775
1773
1773
1771
1770
1769
1767
1766
1765
1764
1763
1762
1761
1760
1757
1759
1758
1757
1757
1756
1756
1755
1755
1754
1754
1754
1754
1753
1754
1754
1754
1754
1755
1755
1755
1756
1757
1757
1757
1758
1759
1759
1761
1761
1761
1763
1764
1765
1767
1768
1769
1770
1772
1773
1775
1776
1778
1779
1780
1781
1783
1784
1786
1787
1789
1790
1792
1793
1795
1796
1798
1799
1800
1801
1803
1804
1805
1806
1807
1808
1809
1810
1811
1812
1810
1814
1815
1816
1816
1817
1817
1818
1818
1818
1819
1819
1819
1819
1817
1819
1821
1819
1819
1818
1816
1817
1817
1816
1818
1815
1815
1814
1813
1812
1811
1810
1809
1808
1807
1805
1804
1803
1803
1800
1799
1797
1796
1795
1794
1793
1791
1789
1788
1786
1785
1783
1783
1780
1781
1777
1777
1775
1773
1772
1771
1770
1768
1767
1766
1765
1764
1762
1762
1761
1760
1759
1759
1757
1755
1756
1756
1756
1755
1754
1755
1754
1754
1753
1754
1753
1756
1754
1754
1755
1755
1755
1756
1756
1757
1757
1758
1759
1760
1761
1761
1762
1764
1765
1766
1767
1768
1769
1771
1772
1773
1775
1776
1778
1779
1780
1782
1783
1785
1786
1788
1789
1791
1792
1793
1795
1796
1797
1799
1800
1802
1803
1806
1805
1807
1807
1809
1809
1811
1812
1812
1813
1815
1815
1816
1817
1817
1817
1818
1818
1819
1819
1819
1819
1819
1819
1820
1819
1819
1818
1820
1818
1817
1817
1817
1816
1816
1814
1813
1812
1812
1810
1809
1809
1809
1806
1805
1804
1803
1801
1800
1799
1797
1796
1795
1793
1792
1791
1789
1787
1786
1784
1783
1781
1782
1779
1777
1776
1775
1773
1772
1770
1771
1768
1767
1766
1765
1764
1763
1761
1761
1760
1760
1758
1758
1757
1757
1756
1756
1755
1755
1754
1754
1754
1754
1754
1754
1754
1754
1754
1756
1755
1756
1756
1757
1757
1754
1759
1759
1760
1762
1762
1763
1764
1765
1766
1767
1768
1770
1771
1772
1774
1775
1777
1778
1779
1781
1782
1784
1785
1786
1788
1791
1791
1792
1794
1794
1796
1798
1799
1800
1802
1804
1805
1806
1807
1808
1809
1811
1811
1812
1813
1815
1814
1815
1816
1817
1817
1817
1818
1818
1819
1819
1819
1819
1819
1819
1819
1819
1819
1819
1818
1818
1817
1814
1816
1816
1815
1814
1813
1813
1811
1810
1809
1805
1808
1806
1805
1804
1802
1801
1800
1799
1797
1796
1794
1793
1791
1790
1789
1787
1785
1784
1783
1781
1780
1778
1777
1777
1774
1773
1772
1770
1769
1768
1767
1766
1764
1764
1763
1761
1761
1760
1759
1757
1757
1757
1756
1756
1755
1755
1754
1754
1754
1754
1754
1754
1754
1754
1754
1756
1755
1755
1755
1753
1757
1757
1758
1759
1759
1760
1761
1762
1763
1764
1765
1768
1768
1770
1770
1771
1773
1774
1775
1777
1778
1777
1781
1783
1784
1785
1787
1788
1790
1791
1793
1794
1795
1797
1798
1797
1801
1802
1803
1805
1806
1807
1808
