1794
1796
1799
1801
1804
1807
1809
1810
1813
1815
1816
1817
1819
1820
1821
1822
1819
1823
1824
1823
1823
1823
1822
1821
1822
1819
1818
1817
1815
1813
1811
1809
1807
1805
1802
1800
1797
1794
1792
1789
1787
1784
1781
1778
1776
1773
1771
1768
1766
1764
1762
1760
1759
1757
1755
1754
1754
1752
1751
1750
1750
1749
1750
1750
1750
1751
1752
1753
1754
1755
1757
1758
1761
1762
1764
1767
1769
1772
1774
1777
1779
1781
1785
1787
1790
1793
1796
1798
1801
1803
1805
1808
1810
1812
1813
1815
1817
1818
1820
1821
1821
1822
1823
1823
1824
1824
1823
1823
1822
1821
1821
1819
1818
1816
1815
1812
1810
1808
1805
1803
1801
1798
1796
1793
1790
1788
1785
1782
1780
1777
1775
1772
1769
1767
1765
1762
1761
1759
1757
1756
1755
1753
1752
1751
1751
1750
1750
1749
1750
1750
1751
1751
1752
1753
1755
1756
1758
1760
1762
1764
1766
1768
1770
1773
1775
1778
1780
1783
1786
1789
1793
1794
1797
1799
1802
1804
1807
1809
1811
1813
1815
1816
1818
1819
1820
1821
1822
1823
1823
1823
1824
1823
1823
1822
1822
1821
1820
1818
1817
1815
1813
1811
1809
1807
1805
1802
1799
1797
1794
1792
1789
1786
1784
1781
1778
1775
1773
1770
1767
1765
1763
1761
1760
1758
1755
1755
1754
1753
1752
1751
1750
1750
1750
1750
1750
1750
1751
1752
1753
1754
1755
1757
1759
1761
1763
1765
1768
1769
1774
1774
1777
1779
1782
1785
1786
1791
1793
1796
1798
1801
1804
1805
1808
1810
1812
1814
1816
1817
1819
1820
1821
1822
1823
1823
1824
1823
1823
1823
1822
1821
1821
1820
1819
1817
1816
1813
1810
1809
1808
1805
1801
1800
1798
1795
1793
1790
1788
1785
1782
1779
1777
1774
1772
1769
1767
1765
1763
1761
1759
1757
1756
1754
1753
1752
1751
1750
1750
1750
1750
1750
1751
1751
1752
1752
1753
1754
1757
1758
1760
1762
1764
1766
1768
1771
1773
1776
1778
1781
1784
1786
1789
1792
1794
1797
1800
1802
1805
1807
1809
1811
1813
1815
1814
1818
1820
1821
1821
1823
1823
1823
1824
1823
1823
1823
1822
1821
1821
1819
1818
1816
1815
1813
1811
1808
1807
1804
1801
1799
1795
1793
1791
1788
1786
1783
1780
1777
1777
1773
1770
1768
1764
1763
1761
1759
1758
1756
1755
1753
1752
1751
1751
1750
1750
1749
1750
1750
1751
1751
1750
1753
1754
1756
1757
1759
1761
1763
1765
1767
1770
1772
1775
1777
1780
1783
1785
1788
1791
1793
1796
1799
1801
1804
1806
1808
1810
1812
1814
1816
1818
1819
1820
1821
1822
1823
1823
1823
1824
1823
1823
1822
1822
1821
1820
1818
1817
1815
1813
1811
1808
1807
1805
1803
1800
1797
1795
1793
1790
1787
1785
1781
1779
1776
1773
1771
1769
1767
1764
1762
1761
1759
1755
1755
1752
1753
1752
1751
1751
1750
1750
1749
1750
1750
1752
1751
1753
1754
1755
1757
1759
1760
1762
1764
1767
1769
1771
1773
1777
1779
1781
1784
1787
1789
1793
1795
1797
1800
1803
1805
1807
1809
1813
1813
1817
1817
1818
1820
1821
1821
1822
1823
1823
1823
1823
1823
1823
1822
1821
1820
1819
1817
1816
1814
1812
1810
1808
1806
1804
1801
1800
1796
1793
1791
1788
1785
1783
1780
1777
1775
1770
1769
1767
1765
1763
1761
1759
1757
1756
1754
1753
1752
1751
1751
1751
1749
1750
1750
1750
1751
1751
1752
1753
1754
1756
1757
1760
1761
1764
1765
1768
1770
1773
1775
1778
1780
1782
1785
1787
1791
1794
1796
1799
1801
1804
1806
1809
1810
1813
1815
1817
1817
1819
1820
1821
1822
1823
1823
1823
1823
1823
1823
1822
1822
1821
1820
1818
1817
1815
1813
1811
1809
1809
1804
1802
1799
1797
1794
1792
1789
1787
1784
1781
1778
1776
1773
1771
1768
1766
1764
1762
1760
1760
1757
1755
1754
1753
1752
1751
1750
1749
1750
1751
1750
1750
1751
1752
1753
1754
1755
1757
1758
1761
1762
1765
1767
1769
1772
1774
1777
1779
1782
1785
1787
1790
1793
1796
1798
1800
1803
1805
1807
1809
1812
1812
1815
1817
1819
1820
1821
1821
1822
1823
1823
1823
1823
1823
1822
1822
1821
1820
1819
1815
1816
1815
1812
1810
1808
1805
1803
1801
1798
1796
1793
1791
1788
1785
1782
1780
1777
1774
1772
1770
1767
1765
1763
1761
1759
1757
1756
1754
1753
1752
1751
1751
1750
1750
1750
1750
1750
1751
1751
1752
1753
1755
1756
1759
1760
1761
1764
1765
1768
1771
1773
1775
1778
1783
1783
1786
1789
1792
1794
1796
1800
1804
1804
1807
1809
1811
1813
1815
1816
1818
1819
1820
1821
1822
1823
1823
1823
1824
1823
1823
1822
1821
1820
1819
1818
1817
1814
1813
1811
1809
1807
1804
1802
1800
1797
1794
1791
1789
1786
1784
1781
1778
1775
1773
1770
1768
1766
1764
1761
1760
1758
1757
1755
1753
1752
1752
1751
1750
1749
1750
1749
1750
1750
1751
1752
1753
1754
1756
1757
1759
1761
1763
1765
1766
1769
1772
1774
1777
1780
1781
1785
1788
1790
1795
1796
1799
1801
1804
1805
1808
1810
1812
1814
1816
1817
1819
1820
1821
1822
1823
1823
1824
1823
1825
1823
1823
1822
1821
1820
1820
1817
1817
1813
1811
1809
1807
1805
1803
1800
1798
1795
1793
1790
1787
1785
1784
1779
1777
1774
1771
1769
1767
1764
1762
1761
1759
1757
1756
1754
1753
1752
1751
1751
1750
1750
1749
1749
1750
1751
1753
1753
1753
1755
1757
1758
1762
1761
1764
1766
1768
1771
1774
1776
1780
1781
1784
1786
1789
1792
1794
1797
1800
1802
1805
1807
1811
1811
1813
1815
1817
1818
1820
1820
1821
1822
1823
1823
1824
1823
1823
1823
1823
1821
1821
1819
1817
1816
1815
1812
1808
1808
1806
1804
1801
1799
1796
1794
1792
1789
1786
1783
1780
1777
1775
1773
1770
1768
1765
1763
1761
1759
1757
1756
1755
1753
1752
1751
1751
1750
