1826
1826
1826
1824
1823
1820
1817
1814
1810
1806
1802
1796
1792
1787
1782
1777
1772
1767
1764
1760
1756
1753
1751
1749
1748
1746
1747
1747
1749
1750
1753
1756
1760
1763
1768
1772
1777
1782
1787
1792
1797
1801
1806
1810
1814
1817
1821
1823
1826
1825
1826
1826
1826
1824
1823
1820
1817
1813
1809
1805
1800
1796
1791
1786
1781
1776
1772
1767
1763
1759
1756
1753
1751
1749
1748
1747
1747
1748
1749
1751
1754
1756
1761
1764
1768
1773
1777
1783
1788
1793
1797
1802
1807
1810
1815
1818
1821
1823
1824
1825
1826
1826
1825
1824
1822
1819
1816
1813
1809
1805
1800
1795
1790
1785
1781
1775
1770
1767
1762
1758
1755
1753
1750
1748
1747
1747
1747
1747
1749
1751
1754
1757
1761
1764
1769
1773
1778
1783
1788
1793
1798
1802
1807
1811
1815
1818
1821
1823
1825
1825
1826
1826
1825
1824
1822
1819
1816
1812
1808
1804
1800
1794
1790
1785
1780
1775
1770
1765
1761
1758
1755
1752
1750
1748
1747
1746
1747
1748
1749
1752
1755
1757
1759
1765
1770
1774
1779
1784
1789
1793
1799
1803
1808
1812
1816
1818
1821
1824
1824
1826
1826
1825
1825
1823
1821
1818
1815
1812
1808
1803
1799
1794
1789
1784
1779
1774
1769
1765
1761
1757
1754
1752
1749
1748
1746
1747
1748
1748
1749
1752
1755
1758
1761
1765
1770
1775
1780
1785
1792
1794
1801
1804
1807
1812
1816
1819
1822
1824
1825
1826
1826
1826
1825
1823
1821
1818
1816
1811
1807
1802
1798
1793
1788
1783
1778
1773
1769
1764
1761
1757
1754
1751
1749
1748
1747
1747
1747
1748
1750
1752
1755
1759
1762
1767
1771
1775
1780
1785
1790
1795
1800
1805
1811
1812
1817
1819
1821
1824
1825
1826
1826
1826
1824
1823
1821
1817
1815
1810
1807
1802
1797
1792
1787
1782
1777
1773
1768
1764
1761
1757
1753
1751
1749
1748
1747
1746
1747
1748
1751
1753
1755
1759
1761
1767
1771
1776
1781
1786
1791
1796
1801
1805
1809
1813
1817
1820
1822
1824
1822
1826
1826
1826
1825
1823
1821
1817
1815
1810
1806
1801
1798
1792
1789
1781
1775
1772
1768
1763
1760
1756
1753
1751
1749
1747
1747
1747
1747
1748
1751
1753
1757
1759
1763
1768
1772
1777
1781
1787
1792
1796
1801
1806
1810
1814
1817
1820
1823
1824
1826
1826
1826
1825
1824
1822
1820
1817
1813
1809
1805
1800
1796
1791
1786
1781
1776
1771
1767
1763
1759
1756
1753
1750
1749
1747
1747
1747
1747
1749
1751
1754
1757
1760
1764
1768
1773
1777
1783
1787
1793
1797
1802
1806
1811
1814
1817
1820
1823
1824
1826
1826
1826
1825
1824
1821
1819
1817
1813
1809
1805
1800
1795
1790
1785
1780
1775
1771
1766
1762
1759
1755
1753
1750
1749
1747
1747
1747
1748
1749
1751
1754
1757
1761
1765
1769
1774
1778
1783
1788
1795
1798
1803
1807
1811
1815
1818
1821
1823
1825
1826
1826
1826
1825
1824
1822
1819
1816
1812
1808
1806
1799
1795
1789
1785
1779
1775
1770
1767
1761
1759
1754
1752
1750
1748
1747
1747
1747
1748
1749
1751
1754
1757
1761
1765
1769
1774
1779
1784
1789
1794
1799
1804
1808
1812
1815
1818
1821
1824
1825
1826
1826
1826
1825
1824
1821
1819
1815
1812
1808
1803
1799
1794
1789
1783
1779
1775
1769
1765
1761
1758
1754
1752
1749
1748
1747
1747
1747
1748
1750
1752
1755
1758
1761
1767
1770
1775
1779
1785
1789
1794
1799
1804
1808
1813
1816
1819
1821
1824
1825
1827
1826
1826
1824
1823
1821
1818
1815
1811
1807
1803
1798
1793
1788
1784
1778
1773
1768
1765
1761
1757
1754
1751
1749
1748
1747
1747
1747
1748
1750
1751
1755
1759
1762
1768
1771
1775
1780
1785
1790
1795
1800
1805
1809
1813
1816
1819
1822
1824
1825
1826
1826
1826
1825
1825
1821
1818
1814
1811
1806
1802
1797
1793
1788
1783
1777
1773
1768
1764
1760
1757
1753
1751
1749
1748
1747
1747
1747
1748
1750
1753
1756
1759
1762
1767
1771
1776
1781
1786
1791
1796
1801
1805
1809
1813
1817
1820
1823
1824
1825
1826
1826
1826
1825
1823
1820
1817
1814
1810
1806
1801
1797
1792
1787
1781
1777
1772
1768
1764
1760
1756
1753
1751
1749
1747
1747
1747
1747
1748
1751
1753
1756
1760
1763
1765
1772
1777
1781
1786
1792
1797
1801
1806
1810
1814
1817
1820
1822
1824
1825
1826
1826
1825
1824
1823
1820
1817
1813
1809
1805
1802
1796
1793
1786
1782
1776
1772
1767
1763
1759
1756
1753
1751
1749
1748
1747
1747
1748
1749
1751
1753
1757
1760
1764
1768
1773
1778
1782
1788
1792
1797
1802
1807
1810
1814
1818
1821
1823
1825
1825
1826
1826
1825
1824
1822
1820
1817
1812
1811
1805
1800
1795
1790
1785
1781
1775
1771
1766
1762
1759
1755
1753
1750
1748
1747
1747
1747
1747
1749
1751
1755
1757
1761
1764
1769
1773
1778
1783
1788
1793
1798
1802
1807
1811
1815
1818
1821
1823
1825
1825
1826
1826
1825
1824
1822
1819
1816
1812
1808
1804
1800
1795
1789
1784
1780
1775
1771
1765
1761
1758
1755
1752
1750
1748
1747
1747
1748
1748
1750
1752
1754
1757
1761
1765
1768
1774
1779
1784
1789
1793
1799
1803
1808
1812
1815
1818
1821
1823
1825
1826
1826
1826
1825
1824
1821
1819
1816
1812
1808
1803
1799
1794
1789
1784
1779
1774
1770
1765
1761
1757
1754
1751
1748
1748
1747
1747
1747
1748
1751
1752
1755
1758
1762
1765
1770
1775
1779
1784
1787
1794
1799
1804
1808
1812
1816
1819
1822
1824
1825
1826
1827
1825
1825
1823
1821
1818
1815
1811
1808
1802
1797
1793
1789
1783
1778
1773
1769
1765
1761
1757
1754
1752
1750
1748
1747
1747
1747
1748
1750
1752
1755
1759
1762
1766
1768
1775
1782
1785
1791
1795
1800
1804
1809
1813
1816
1820
1822
1824
1825
1826
1826
1826
