1787
1787
1787
1786
1787
1786
1786
1786
1787
1787
1787
1786
1787
1787
1787
1787
1787
1787
1787
1786
1787
1786
1789
1786
1787
1786
1786
1787
1786
1787
1787
1786
1789
1787
1787
1787
1787
1786
1787
1786
1786
1786
1786
1786
1787
1786
1787
1786
1787
1786
1787
1787
1787
1786
1787
1786
1786
1786
1787
1786
1786
1787
1786
1786
1786
1786
1786
1786
1789
1786
1786
1786
1787
1786
1787
1786
1787
1786
1786
1786
1786
1786
1786
1786
1787
1787
1787
1786
1787
1787
1787
1786
1787
1786
1786
1786
1787
1786
1787
1787
1786
1786
1787
1786
1784
1786
1786
1787
1787
1787
1787
1786
1787
1786
1786
1787
1786
1786
1787
1786
1786
1786
1786
1786
1787
1786
1787
1786
1787
1786
1787
1787
1787
1786
1787
1786
1786
1787
1786
1787
1786
1787
1786
1787
1786
1787
1786
1787
1787
1786
1787
1786
1787
1786
1787
1786
1786
1787
1787
1786
1787
1786
1786
1787
1787
1786
1787
1786
1787
1786
1786
1786
1787
1786
1788
1786
1787
1786
1787
1786
1787
1787
1787
1786
1786
1786
1787
1786
1787
1787
1786
1786
1787
1786
1789
1787
1787
1786
1787
1786
1786
1787
1786
1786
1786
1786
1786
1786
1787
1787
1788
1786
1787
1786
1787
1786
1787
1786
1785
1786
1787
1786
1786
1786
1786
1786
1786
1786
1787
1786
1787
1787
1787
1787
1787
1786
1786
1787
1786
1787
1787
1786
1787
1787
1787
1786
1786
1787
1787
1787
1786
1786
1709
1710
1713
1715
1717
1719
1720
1723
1725
1727
1729
1730
1732
1733
1736
1737
1739
1740
1741
1743
1744
1745
1746
1748
1749
1750
1753
1752
1753
1754
1755
1756
1756
1758
1759
1760
1761
1761
1762
1763
1765
1764
1765
1765
1766
1767
1767
1768
1768
1769
1769
1770
1771
1771
1772
1772
1772
1773
1771
1774
1774
1774
1775
1775
1775
1775
1774
1776
1777
1777
1777
1777
1778
1778
1778
1779
1779
1779
1779
1779
1780
1780
1780
1780
1780
1780
1781
1781
1781
1781
1781
1781
1782
1782
1782
1782
1782
1782
1783
1783
1785
1783
1783
1783
1783
1783
1783
1783
1784
1783
1782
1784
1784
1784
1784
1784
1784
1784
1786
1784
1784
1784
1785
1785
1785
1785
1785
1785
1785
1785
1785
1785
1785
1785
1785
1785
1784
1785
1785
1785
1786
1785
1785
1785
1785
1785
1785
1785
1786
1786
1786
1785
1785
1785
1786
1785
1785
1786
1786
1785
1786
1786
1786
1786
1786
1786
1786
1786
1786
1786
1788
1786
1786
1786
1786
1786
1786
1786
1786
1786
1786
1786
1786
1786
1786
1786
1788
1786
1786
1786
1786
1786
1787
1786
1786
1786
1786
1786
1786
1786
1787
1786
1786
1786
1786
1786
1786
1786
1788
1786
1786
1786
1786
1786
1787
1786
1787
1786
1788
1786
1787
1786
1787
1786
1787
1787
1786
1786
1786
1786
1786
1786
1786
1786
1786
1787
1787
1786
1786
1786
1786
1786
1788
1786
1786
1786
1787
1786
1786
1786
1788
1786
1786
1786
1787
1786
1786
1787
1787
1786
1786
1786
1786
1786
1786
1786
1787
1786
1785
1786
1788
1786
1787
1786
1786
1786
1786
1787
1787
1786
1786
1786
1786
1786
1786
1786
1784
1786
1786
1786
1787
1786
1786
1786
1787
1786
1787
1786
1786
1786
1787
1786
1786
1786
1786
1786
1786
1786
1786
1786
1787
1786
1787
1786
1787
1786
1787
1786
1786
1786
1786
1786
1786
1786
1787
1786
1787
1786
1786
1786
1787
1786
1787
1786
1787
1786
1787
1786
1786
1786
1786
1786
1787
1786
1787
1786
1787
1786
1787
1786
1786
1786
1787
1786
1787
1786
1787
1786
1787
1786
1787
1786
1787
1786
1786
1787
1787
1786
1787
1786
1786
1786
1786
1786
1786
1787
1786
1786
1787
1786
1786
1787
1787
1787
1787
1787
1787
1786
1786
1786
1785
1786
1786
1787
1787
1786
1787
1786
1786
1787
1787
1786
1787
1786
1789
1786
1787
1786
1786
1786
1787
1786
1787
1786
1786
1786
1786
1786
1787
1786
1786
1786
1787
1786
1786
1786
1786
1786
1786
1786
1786
1786
1786
1786
1786
1786
1786
1786
1787
1786
1786
1786
1786
1786
1787
1786
1786
1787
1787
1786
1786
1786
1786
1786
1787
1787
1787
1786
1786
1786
1786
1787
1787
1786
1786
1786
1787
1786
1786
1787
1787
1786
1787
1786
1787
1786
1786
1786
1786
1786
1787
1786
1787
1786
1787
1786
1787
1786
1786
1786
1787
1787
1787
1787
1787
1786
1787
1786
1787
1786
1786
1787
1787
1787
1786
1787
1786
1786
1787
1786
1788
1786
1787
1786
1788
1786
1787
1786
1786
1786
1786
1786
1787
1786
1787
1786
1786
1786
1787
1787
1786
1786
1787
1787
1786
1787
1787
1786
1786
1786
1786
1786
1786
1786
1786
1786
1787
1786
1786
1786
1787
1786
1787
1786
1787
1787
1786
1786
1786
1786
1786
1786
1787
1786
1787
1787
1787
1786
1787
1786
1786
1786
1786
1786
1786
1786
1786
1786
1786
1786
1787
1786
1787
1786
1788
1786
1787
1786
1787
1786
1787
1786
1787
1786
1787
1786
1787
1786
1786
1786
1786
1786
1787
1786
1787
1786
1787
1786
1786
1786
1786
1786
1787
1786
1786
1786
1787
1786
1786
1787
1786
1786
1787
1786
1786
1786
1786
1787
1786
1786
1786
1786
1787
1786
1786
1786
1786
1786
1787
1786
1787
1786
1787
1786
1787
1786
1786
1786
1789
1786
1785
1786
1787
1786
1786
1787
1787
1786
1787
1787
1786
1786
1787
1786
1787
1786
1786
1786
1787
1786
1786
1786
1787
1786
1787
1786
1787
1786
1789
1786
1787
1786
1788
1786
1786
1786
1786
1786
1783
1786
1786
1786
1787
1786
1787
1786
1787
1787
1787
1786
1786
1786
1786
1786
1787
1786
1786
1786
1787
1786
1787
1787
1787
1786
1787
1786
1868
1865
1863
1860
1858
1856
1854
1852
1852
1848
1846
1844
1842
1841
1839
1837
1833
1834
1833
1831
1830
1829
1828
1826
1827
1824
1823
1821
1821
1820
1819
1817
