1794
1794
1793
1793
1793
1793
1793
1792
1793
1792
1792
1792
1792
1792
1793
1791
1792
1791
1788
1791
1791
1791
1791
1790
1790
1790
1790
1789
1790
1789
1789
1789
1789
1789
1789
1789
1789
1789
1789
1789
1789
1789
1789
1789
1789
1788
1790
1788
1789
1788
1786
1788
1788
1788
1788
1788
1788
1788
1788
1788
1788
1788
1788
1788
1788
1788
1788
1788
1788
1787
1787
1788
1788
1787
1788
1787
1788
1788
1787
1787
1787
1787
1784
1787
1787
1787
1787
1787
1787
1787
1787
1787
1789
1787
1787
1787
1787
1787
1787
1787
1787
1787
1787
1787
1787
1787
1787
1787
1787
1787
1787
1787
1787
1787
1787
1787
1786
1786
1787
1787
1788
1787
1787
1786
1787
1786
1787
1787
1787
1787
1788
1787
1787
1787
1786
1786
1787
1786
1783
1787
1787
1786
1787
1786
1787
1787
1787
1787
1787
1787
1787
1786
1784
1787
1784
1787
1787
1786
1787
1786
1787
1786
1788
1786
1786
1786
1787
1786
1789
1786
1706
1708
1713
1713
1713
1717
1720
1722
1724
1725
1728
1729
1731
1733
1735
1736
1737
1739
1741
1742
1743
1744
1745
1747
1748
1749
1750
1751
1754
1754
1755
1756
1757
1757
1759
1759
1760
1761
1761
1762
1763
1764
1764
1765
1765
1766
1767
1768
1768
1769
1769
1769
1770
1771
1771
1772
1772
1772
1773
1773
1773
1774
1775
1775
1775
1775
1776
1777
1777
1777
1777
1777
1779
1777
1778
1778
1779
1779
1779
1779
1780
1780
1780
1780
1781
1781
1781
1780
1781
1781
1781
1781
1782
1782
1782
1782
1783
1782
1783
1783
1783
1783
1782
1783
1783
1783
1784
1783
1783
1783
1784
1784
1781
1784
1784
1784
1784
1784
1785
1784
1785
1785
1785
1785
1785
1785
1785
1785
1785
1785
1785
1785
1785
1785
1785
1785
1785
1785
1785
1785
1785
1785
1786
1785
1786
1785
1785
1785
1785
1785
1786
1785
1786
1785
1786
1786
1786
1786
1786
1786
1786
1786
1786
1785
1786
1786
1786
1786
1786
1786
1786
1786
1788
1786
1786
1786
1786
1786
1787
1786
1786
1786
1786
1786
1786
1786
1786
1786
1787
1786
1786
1786
1786
1786
1786
1786
1786
1786
1786
1786
1786
1786
1788
1786
1786
1786
1786
1786
1788
1786
1786
1786
1786
1787
1787
1786
1787
1787
1786
1786
1786
1786
1786
1786
1786
1786
1787
1786
1786
1786
1786
1786
1786
1786
1787
1786
1786
1786
1786
1786
1786
1786
1787
1786
1786
1786
1787
1786
1787
1866
1864
1861
1860
1857
1855
1853
1851
1849
1847
1845
1843
1841
1840
1838
1837
1835
1833
1832
1830
1829
1828
1827
1826
1824
1824
1822
1821
1820
1819
1818
1817
1816
1816
1814
1813
1813
1812
1811
1811
1809
1809
1808
1808
1807
1807
1805
1807
1804
1805
1804
1803
1802
1802
1801
1801
1801
1800
1800
1800
1799
1799
1799
1798
1797
1797
1797
1797
1796
1796
1796
1796
1795
1795
1795
1793
1794
1794
1794
1794
1793
1793
1793
1793
1793
1793
1792
1793
1792
1789
1792
1792
1792
1792
1791
1791
1791
1791
1791
1791
1791
1789
1790
1790
1790
1790
1789
1789
1789
1789
1789
1789
1789
1789
1789
1789
1789
1789
1789
1789
1788
1789
1788
1791
1788
1789
1789
1788
1788
1789
1788
1788
1788
1788
1788
1788
1788
1788
1788
1788
1787
1788
1788
1788
1788
1788
1788
1788
1788
1788
1787
1788
1787
1787
1787
1787
1787
1787
1787
1787
1787
1787
1787
1787
1787
1787
1787
1787
1787
1787
1787
1787
1787
1787
1787
1787
1787
1787
1787
1787
1787
1788
1787
1787
1787
1787
1787
1787
1787
1787
1787
1787
1786
1787
1787
1787
1787
1787
1787
1787
1787
1789
1787
1787
1787
1786
1787
1787
1786
1787
1786
1787
1786
1788
1787
1786
1787
1787
1787
1787
1787
1787
1787
1787
1787
1787
1787
1786
1786
1786
1786
1787
1786
1787
1786
1787
1787
1787
1787
1787
1787
1787
1787
1787
1787
1788
1786
1786
1705
1708
1710
1713
1715
1717
1719
1722
1723
1726
1727
1729
1731
1734
1734
1736
1737
1739
1740
1741
1743
1744
1745
1747
1748
1749
1750
1750
1753
1754
1755
1756
1757
1759
1758
1759
1760
1761
1761
1762
1763
1764
1765
1765
1766
1766
1767
1768
1768
1769
1769
1770
1770
1768
1771
1772
1772
1773
1773
1773
1774
1774
1774
1777
1775
1776
1776
1776
1777
1777
1777
1777
1777
1778
1778
1778
1778
1779
1779
1780
1780
1782
1780
1780
1780
1781
1781
1781
1781
1781
1781
1781
1781
1782
1782
1780
1782
1783
1783
1783
1783
1783
1783
1783
1783
1783
1783
1783
1783
1783
1783
1784
1784
1784
1784
1784
1784
1783
1784
1785
1785
1785
1785
1785
1785
1787
1785
1785
1785
1785
1785
1785
1785
1785
1785
1785
1785
1783
1785
1785
1785
1785
1785
1785
1785
1786
1785
1785
1785
1785
1785
1786
1785
1786
1785
1786
1786
1786
1786
1786
1786
1786
1785
1783
1785
1786
1786
1786
1786
1786
1786
1786
1786
1788
1786
1786
1786
1786
1786
1786
1786
1786
1786
1786
1786
1786
1786
1786
1786
1788
1786
1786
1787
1786
1786
1786
1786
1786
1786
1786
1786
1786
1786
1786
1786
1787
1786
1786
1786
1787
1786
1787
1786
1787
1786
1786
1786
1787
1786
1786
1786
1786
1786
1786
1786
1786
1786
1786
1786
1786
1787
1786
1786
1788
1786
1786
1786
1786
1786
1788
1786
1786
1787
1786
1786
1787
1786
1787
1786
1867
1864
1863
1860
1857
1855
1853
1851
1849
1847
1845
1844
1842
1840
1838
1837
1836
1834
1831
1831
1830
1828
1827
1825
1825
1824
1823
1821
1821
1819
1818
1817
1816
1816
1815
1814
1813
1812
1811
1810
1810
1809
1809
1808
1807
1807
1806
1805
1805
1804
1804
1803
1803
1802
1802
1802
1801
1800
1800
1799
1799
1799
1799
1798
1798
1797
1799
1796
1797
1796
1796
1796
1796
1795
1795
1794
1794
1794
1794
1793
1793
1793
1793
1793
