1787
1786
1786
1786
1786
1786
1788
1786
1786
1786
1786
1786
1786
1786
1786
1786
1786
1786
1788
1786
1786
1786
1786
1786
1786
1786
1786
1786
1786
1786
1786
1786
1786
1786
1786
1786
1785
1787
1786
1787
1786
1786
1786
1786
1786
1786
1787
1786
1787
1786
1786
1786
1786
1786
1786
1786
1787
1786
1786
1786
1786
1786
1787
1786
1787
1786
1786
1787
1787
1786
1787
1786
1786
1786
1786
1786
1786
1787
1787
1786
1786
1786
1786
1786
1787
1786
1786
1786
1786
1786
1786
1786
1786
1786
1787
1786
1786
1786
1787
1786
1787
1786
1787
1787
1786
1786
1786
1786
1786
1786
1787
1786
1787
1786
1787
1786
1786
1786
1786
1786
1787
1786
1783
1786
1784
1786
1787
1786
1787
1787
1787
1786
1787
1786
1787
1787
1787
1865
1863
1860
1858
1856
1854
1852
1850
1848
1846
1844
1843
1841
1840
1838
1836
1834
1833
1831
1830
1829
1828
1826
1825
1824
1823
1821
1821
1820
1819
1818
1817
1816
1817
1814
1813
1812
1812
1810
1810
1809
1809
1808
1806
1807
1807
1806
1805
1805
1804
1804
1803
1803
1802
1801
1801
1801
1800
1800
1799
1799
1799
1798
1798
1797
1797
1797
1798
1796
1794
1796
1795
1795
1795
1794
1794
1794
1795
1793
1794
1793
1793
1793
1793
1793
1793
1793
1792
1792
1793
1791
1792
1791
1791
1791
1791
1791
1791
1791
1791
1791
1790
1790
1790
1790
1790
1789
1790
1789
1789
1789
1789
1789
1789
1789
1791
1789
1790
1789
1789
1789
1789
1789
1789
1788
1789
1788
1788
1788
1789
1788
1788
1788
1788
1788
1788
1788
1788
1788
1788
1788
1788
1787
1787
1788
1788
1787
1788
1787
1788
1787
1787
1787
1788
1787
1787
1787
1788
1787
1787
1787
1787
1787
1787
1787
1787
1787
1787
1787
1787
1787
1787
1787
1788
1787
1788
1787
1788
1787
1787
1787
1787
1787
1787
1787
1787
1787
1787
1787
1786
1787
1787
1787
1789
1787
1787
1787
1787
1787
1787
1787
1787
1786
1787
1787
1787
1787
1787
1786
1787
1787
1787
1787
1787
1787
1787
1786
1787
1787
1787
1786
1786
1786
1786
1787
1787
1786
1787
1787
1787
1787
1785
1786
1786
1787
1787
1787
1787
1786
1785
1786
1787
1787
1786
1787
1787
1786
1787
1787
1787
1787
1788
1786
1787
1786
1788
1786
1787
1786
1787
1786
1786
1786
1787
1786
1789
1787
1787
1787
1787
1786
1787
1786
1786
1786
1789
1787
1786
1786
1787
1786
1787
1786
1787
1787
1787
1787
1784
1786
1787
1786
1786
1786
1786
1787
1786
1786
1705
1708
1711
1713
1713
1717
1719
1721
1724
1725
1727
1729
1731
1732
1732
1736
1737
1739
1741
1742
1740
1744
1746
1747
1748
1749
1751
1751
1753
1753
1754
1756
1757
1757
1758
1759
1757
1761
1761
1762
1763
1764
1765
1765
1766
1767
1767
1767
1768
1769
1769
1769
1769
1771
1771
1772
1772
1773
1773
1773
1774
1774
1775
1775
1775
1776
1776
1776
1777
1777
1777
1777
1777
1777
1780
1778
1779
1779
1779
1779
1782
1779
1780
1780
1781
1780
1781
1781
1781
1781
1781
1781
1781
1782
1782
1782
1783
1782
1783
1783
1783
1783
1783
1783
1783
1783
1784
1783
1784
1784
1784
1784
1784
1784
1784
1784
1784
1784
1785
1784
1784
1785
1785
1784
1785
1785
1785
1785
1785
1785
1785
1785
1785
1785
1787
1785
1787
1785
1785
1785
1785
1785
1785
1785
1785
1785
1786
1786
1785
1785
1786
1786
1786
1786
1786
1785
1786
1786
1786
1785
1786
1785
1786
1786
1786
1786
1786
1786
1786
1786
1786
1786
1788
1786
1786
1786
1786
1786
1788
1786
1788
1786
1786
1786
1786
1786
1786
1786
1786
1786
1786
1786
1786
1786
1786
1786
1786
1786
1786
1786
1786
1786
1786
1786
1786
1786
1786
1786
1786
1786
1786
1786
1786
1786
1786
1786
1786
1786
1785
1786
1787
1786
1786
1787
1787
1786
1787
1786
1786
1786
1786
1786
1784
1786
1788
1786
1785
1786
1786
1786
1787
1787
1787
1786
1786
1786
1786
1786
1787
1786
1786
1786
1786
1786
1787
1786
1786
1786
1786
1786
1787
1787
1786
1786
1786
1786
1787
1786
1786
1786
1786
1786
1787
1786
1786
1786
1787
1786
1787
1786
1786
1786
1786
1786
1787
1786
1786
1786
1786
1786
1786
1786
1787
1786
1787
1787
1787
1787
1869
1865
1862
1860
1858
1856
1854
1851
1849
1848
1846
1844
1842
1841
1839
1837
1835
1834
1833
1831
1830
1828
1828
1826
1825
1823
1825
1821
1820
1819
1818
1817
1817
1816
1815
1814
1815
1812
1811
1810
1810
1809
1806
1808
1807
1807
1806
1805
1805
1804
1804
1803
1803
1802
1802
1801
1801
1800
1800
1800
1800
1799
1799
1798
1799
1797
1797
1797
1799
1796
1796
1796
1797
1795
1796
1795
1794
1794
1794
1793
1793
1793
1793
1793
1793
1793
1794
1793
1792
1792
1792
1791
1792
1791
1789
1791
1791
1791
1791
1790
1792
1790
1790
1790
1790
1790
1790
1790
1789
1789
1787
1789
1789
1789
1789
1789
1789
1789
1789
1789
1789
1789
1789
1789
1789
1788
1789
1788
1789
1788
1789
1788
1788
1788
1788
1788
1788
1788
1788
1788
1788
1788
1788
1788
1788
1787
1789
1788
1788
1787
1788
1787
1787
1787
1787
1787
1787
1787
1788
1787
1788
1787
1787
1787
1786
1787
1787
1787
1787
1787
1789
1787
1789
1787
1787
1787
1787
1787
1787
1787
1787
1787
1787
1787
1787
1786
1789
1787
1787
1787
1787
1787
1787
1787
1787
1787
1786
1787
1787
1787
1788
1787
1787
1787
1787
1787
1787
1787
1787
1786
1787
1786
1787
1787
1787
1787
1787
1787
1787
1787
1786
1787
1787
1787
1786
1786
1787
1786
1787
1787
1787
1787
1787
1786
1787
1786
1787
1787
1787
1786
1787
1786
1787
1786
1786
1787
1789
1786
1787
1786
1787
1787
1786
1787
1786
1787
1787
1787
1787
1786
1786
1786
1787
1786
1786
1786
1787
1787
