1787
1787
1787
1787
1787
1787
1787
1787
1787
1786
1787
1786
1787
1787
1787
1786
1789
1786
1787
1787
1787
1787
1787
1786
1787
1787
1786
1787
1788
1787
1786
1786
1785
1787
1786
1787
1787
1786
1787
1786
1787
1787
1787
1787
1787
1787
1788
1786
1787
1787
1786
1787
1786
1786
1787
1786
1787
1786
1786
1787
1787
1787
1787
1786
1787
1786
1787
1786
1786
1786
1784
1787
1787
1786
1786
1786
1787
1786
1787
1786
1787
1786
1788
1786
1786
1787
1787
1786
1787
1786
1787
1786
1787
1786
1787
1787
1787
1786
1786
1786
1787
1786
1786
1786
1786
1786
1787
1786
1787
1786
1787
1787
1787
1786
1786
1786
1786
1786
1786
1786
1786
1786
1786
1786
1786
1786
1786
1786
1787
1786
1787
1786
1787
1787
1786
1786
1787
1786
1786
1787
1786
1786
1787
1786
1787
1786
1787
1786
1787
1786
1786
1787
1787
1786
1787
1786
1787
1786
1787
1786
1786
1786
1787
1786
1787
1786
1787
1786
1787
1786
1786
1786
1787
1786
1786
1786
1786
1786
1789
1786
1786
1786
1787
1787
1786
1786
1787
1786
1786
1786
1787
1786
1787
1786
1787
1786
1785
1786
1788
1787
1787
1786
1787
1786
1787
1787
1787
1787
1787
1787
1786
1786
1786
1786
1786
1786
1785
1786
1789
1786
1788
1786
1787
1787
1787
1786
1786
1786
1786
1786
1786
1786
1786
1786
1786
1786
1787
1786
1787
1787
1786
1786
1787
1787
1787
1787
1786
1786
1787
1786
1786
1787
1786
1787
1787
1787
1788
1787
1787
1786
1787
1786
1787
1786
1787
1786
1787
1786
1786
1786
1787
1786
1786
1786
1787
1786
1787
1786
1788
1787
1786
1787
1786
1786
1786
1786
1786
1786
1788
1787
1787
1786
1787
1786
1787
1786
1787
1786
1787
1786
1787
1786
1787
1786
1786
1786
1786
1786
1787
1786
1787
1786
1787
1786
1787
1787
1786
1786
1785
1787
1786
1786
1786
1786
1786
1786
1786
1786
1786
1786
1787
1787
1786
1787
1787
1786
1786
1786
1786
1786
1786
1786
1786
1786
1787
1786
1787
1787
1787
1787
1787
1786
1786
1786
1787
1786
1786
1786
1787
1786
1785
1786
1788
1786
1788
1787
1787
1786
1786
1787
1787
1786
1787
1786
1786
1786
1786
1787
1786
1786
1787
1786
1787
1786
1787
1787
1787
1786
1785
1786
1786
1786
1787
1786
1786
1786
1786
1786
1788
1786
1787
1787
1786
1787
1788
1787
1787
1786
1787
1786
1786
1786
1786
1786
1785
1787
1786
1786
1787
1787
1787
1787
1787
1786
1787
1786
1785
1787
1787
1786
1786
1786
1786
1786
1786
1786
1787
1787
1787
1786
1787
1786
1786
1786
1787
1787
1787
1786
1788
1786
1786
1786
1787
1786
1787
1787
1787
1787
1787
1786
1787
1787
1787
1786
1787
1786
1786
1786
1787
1786
1786
1786
1787
1786
1787
1787
1787
1786
1787
1786
1787
1786
1787
1786
1786
1787
1788
1787
1786
1786
1786
1787
1789
1786
1787
1786
1787
1786
1787
1786
1787
1786
1787
1786
1786
1786
1786
1786
1787
1786
1786
1786
1786
1786
1787
1786
1786
1787
1788
1786
1786
1786
1787
1786
1786
1786
1787
1787
1787
1786
1787
1786
1789
1786
1787
1786
1787
1786
1787
1786
1787
1786
1787
1786
1787
1786
1788
1786
1787
1787
1787
1786
1787
1786
1786
1786
1787
1786
1786
1786
1787
1787
1786
1786
1786
1786
1786
1787
1787
1786
1787
1787
1787
1787
1787
1786
1786
1786
1788
1786
1786
1787
1786
1786
1787
1787
1787
1787
1787
1787
1787
1786
1789
1786
1789
1786
1786
1786
1787
1786
1787
1787
1787
1786
1786
1787
1787
1786
1786
1786
1787
1786
1786
1786
1787
1786
1786
1786
1787
1786
1787
1786
1787
1786
1788
1786
1787
1786
1788
1786
1786
1786
1786
1786
1786
1787
1787
1786
1787
1786
1787
1786
1786
1786
1786
1787
1787
1786
1786
1786
1787
1786
1786
1786
1788
1786
1787
1786
1787
1787
1787
1786
1787
1787
1786
1786
1786
1786
1787
1786
1786
1786
1786
1786
1786
1786
1786
1787
1786
1786
1787
1786
1787
1786
1786
1786
1787
1786
1786
1786
1784
1786
1787
1786
1786
1787
1787
1787
1787
1787
1787
1786
1787
1786
1786
1786
1788
1786
1786
1786
1787
1786
1786
1787
1787
1786
1787
1787
1786
1786
1787
1786
1786
1787
1786
1786
1786
1786
1787
1786
1787
1786
1786
1787
1787
1787
1787
1786
1786
1786
1786
1786
1786
1786
1786
1786
1787
1786
1787
1787
1787
1786
1786
1786
1787
1787
1786
1786
1786
1786
1786
1786
1785
1786
1786
1786
1786
1786
1787
1786
1789
1786
1787
1786
1787
1786
1788
1786
1787
1786
1786
1786
1787
1786
1787
1787
1786
1787
1787
1786
1788
1787
1787
1787
1786
1786
1787
1787
1787
1786
1787
1786
1787
1786
1786
1786
1787
1786
1787
1786
1789
1786
1787
1786
1786
1786
1787
1787
1786
1786
1787
1786
1786
1786
1787
1786
1787
1786
1786
1786
1789
1786
1706
1709
1711
1713
1716
1718
1721
1722
1725
1726
1728
1729
1732
1733
1735
1736
1738
1739
1741
1742
1743
1744
1746
1747
1748
1749
1751
1752
1753
1754
1755
1756
1757
1757
1758
1759
1760
1761
1761
1762
1763
1764
1765
1765
1766
1766
1767
1767
1768
1769
1769
1770
1770
1771
1771
1771
1772
1773
1775
1773
1773
1774
1774
1775
1777
1776
1776
1776
1777
1777
1777
1777
1777
1777
1778
1778
1778
1779
1779
1779
1780
1780
1782
1780
1781
1780
1781
1781
1781
1781
1781
1781
1781
1781
1782
1782
1782
1782
1783
1783
1783
1783
1783
1783
1783
1783
1783
1783
1784
1783
1783
1784
1785
1784
1784
1784
1784
1784
1784
1784
1785
1785
1785
1785
1785
1785
1785
1785
1785
1785
1785
1785
1785
1785
1785
1785
1785
1785
1786
1785
1787
1785
1785
1785
1786
1785
1785
1785
1785
1785
1786
1785
1785
1785
1786
1785
1786
1786
1786
1786
1786
1786
1786
1786
1786
1786
1785
1786
