1785
1787
1788
1790
1792
1794
1793
1797
1799
1801
1802
1804
1807
1807
1808
1809
1811
1812
1815
1815
1815
1817
1817
1818
1819
1819
1820
1821
1821
1821
1822
1821
1821
1821
1821
1820
1820
1819
1819
1817
1817
1816
1815
1814
1813
1812
1810
1809
1808
1806
1805
1803
1801
1800
1798
1796
1794
1793
1791
1789
1788
1785
1784
1782
1780
1778
1777
1775
1773
1772
1770
1768
1767
1765
1764
1762
1761
1760
1759
1758
1757
1756
1755
1755
1754
1753
1753
1753
1753
1752
1753
1752
1752
1752
1753
1753
1754
1754
1755
1756
1756
1757
1759
1759
1761
1762
1764
1765
1766
1767
1769
1770
1773
1774
1776
1778
1779
1781
1785
1785
1787
1789
1790
1792
1793
1795
1797
1799
1801
1802
1804
1805
1807
1809
1810
1811
1812
1814
1814
1816
1817
1817
1818
1818
1820
1820
1820
1821
1821
1821
1821
1821
1821
1821
1820
1820
1820
1818
1818
1817
1816
1815
1814
1813
1813
1810
1809
1808
1806
1804
1805
1801
1800
1798
1796
1794
1793
1791
1789
1787
1786
1784
1782
1780
1778
1777
1775
1773
1772
1770
1769
1767
1765
1764
1763
1761
1760
1759
1758
1757
1757
1755
1755
1754
1753
1753
1753
1752
1753
1752
1753
1753
1753
1753
1754
1753
1754
1754
1757
1757
1758
1759
1761
1761
1762
1763
1765
1767
1768
1769
1771
1773
1775
1776
1778
1779
1781
1783
1785
1786
1789
1790
1792
1794
1796
1797
1799
1801
1802
1804
1806
1807
1809
1810
1811
1812
1813
1815
1814
1817
1817
1818
1819
1820
1820
1820
1821
1821
1821
1821
1823
1821
1821
1820
1820
1819
1818
1817
1817
1816
1815
1814
1813
1811
1810
1809
1808
1806
1805
1803
1801
1799
1798
1796
1794
1793
1791
1789
1787
1785
1784
1781
1780
1778
1776
1775
1773
1771
1770
1768
1767
1765
1764
1763
1761
1761
1759
1758
1757
1756
1756
1755
1754
1753
1753
1753
1753
1752
1752
1752
1753
1753
1753
1753
1754
1754
1755
1756
1757
1757
1758
1760
1761
1762
1763
1765
1767
1768
1770
1771
1773
1774
1776
1778
1780
1781
1784
1785
1789
1789
1791
1792
1794
1796
1798
1799
1801
1802
1804
1805
1807
1808
1810
1811
1812
1813
1815
1815
1817
1817
1818
1819
1819
1820
1821
1821
1823
1821
1821
1821
1821
1821
1820
1820
1819
1818
1819
1817
1816
1815
1814
1813
1812
1810
1807
1807
1806
1804
1803
1801
1800
1797
1796
1794
1793
1791
1789
1787
1787
1784
1782
1780
1778
1777
1775
1773
1771
1769
1770
1767
1765
1764
1764
1761
1760
1759
1758
1757
1756
1756
1755
1754
1754
1753
1753
1753
1753
1752
1752
1752
1753
1753
1753
1754
1754
1755
1756
1757
1758
1759
1760
1761
1762
1764
1765
1767
1768
1769
1771
1773
1776
1776
1778
1780
1783
1783
1785
1787
1789
1791
1794
1794
1796
1797
1800
1801
1803
1804
1808
1807
1809
1810
1811
1812
1813
1815
1816
1817
1817
1818
1821
1819
1820
1820
1821
1821
1821
1821
1821
1821
1821
1820
1820
1819
1819
1817
1817
1816
1815
1813
1813
1811
1810
1809
1807
1806
1804
1802
1801
1799
1797
1796
1794
1792
1791
1789
1787
1785
1783
1781
1780
1778
1776
1774
1773
1771
1769
1768
1767
1765
1764
1762
1761
1760
1759
1758
1757
1756
1755
1754
1754
1753
1753
1753
1752
1752
1752
1752
1753
1753
1753
1753
1753
1754
1755
1755
1754
1758
1759
1760
1761
1762
1765
1765
1767
1768
1770
1772
1773
1775
1777
1778
1780
1781
1784
1785
1787
1789
1791
1793
1796
1796
1798
1800
1801
1802
1805
1806
1808
1809
1810
1811
1813
1814
1815
1816
1817
1817
1819
1819
1820
1820
1820
1821
1821
1821
1821
1821
1821
1820
1820
1820
1819
1818
1818
1817
1816
1815
1814
1813
1812
1810
1808
1807
1805
1804
1803
1800
1799
1797
1796
1794
1792
1791
1789
1787
1785
1783
1781
1780
1778
1777
1775
1773
1771
1769
1768
1767
1764
1764
1762
1761
1760
1759
1758
1757
1756
1755
1755
1753
1753
1753
1753
1753
1753
1752
1752
1753
1753
1753
1753
1754
1754
1755
1756
1757
1758
1759
1760
1761
1762
1764
1767
1766
1768
1770
1773
1773
1775
1777
1778
1780
1782
1784
1785
1787
1787
1791
1793
1794
1796
1798
1800
1801
1803
1804
1806
1807
1809
1810
1811
1813
1814
1815
1816
1817
1818
1818
1819
1819
1820
1820
1821
1821
1821
1821
1821
1821
1819
1820
1820
1819
1818
1817
1817
1816
1817
1813
1812
1811
1810
1808
1807
1805
1804
1802
1801
1799
1797
1796
1794
1792
1790
1789
1787
1785
1783
1781
1780
1778
1776
1774
1773
1771
1769
1768
1766
1764
1764
1762
1761
1760
1759
1757
1757
1756
1755
1754
1754
1753
1753
1753
1753
1752
1752
1753
1753
1753
1752
1753
1754
1754
1755
1756
1757
1758
1759
1760
1761
1763
1764
1765
1767
1768
1770
1771
1773
1775
1777
1778
1781
1782
1784
1786
1787
1789
1791
1793
1794
1796
1798
1800
1801
1803
1805
1806
1808
1809
1810
1812
1813
1814
1815
1816
1817
1817
1819
1819
1820
1820
1821
1821
1821
1821
1823
1821
1821
1821
1820
1820
1819
1818
1818
1817
1816
1815
1814
1812
1811
1810
1808
1807
1806
1804
1802
1800
1799
1797
1796
1793
1792
1790
1788
1786
1785
1783
1782
1779
1777
1776
1774
1773
1771
1769
1768
1766
1765
1764
1762
1761
1760
1759
1757
1757
1756
1755
1754
1754
1753
1753
1753
1752
1753
1752
1752
1753
1753
1753
1753
1754
1754
1755
1756
1757
1758
1759
1760
1761
1763
1764
1765
1767
1768
1770
1772
1773
1775
1777
1778
1780
1782
1784
1786
1787
1789
1791
1790
1794
1795
1798
1800
1801
1803
1805
1805
1808
1808
1810
1812
1813
1814
1815
1816
1817
1818
1818
1820
1820
1820
1821
1820
1821
1818
1821
1821
1821
1820
1820
1820
1819
1820
1817
1817
1816
1815
1813
1812
1811
1808
1808
