1812
1812
1812
1812
1812
1812
1812
1812
1812
1812
1812
1812
1814
1812
1812
1812
1813
1812
1813
1812
1812
1812
1812
1812
1812
1812
1812
1812
1812
1812
1812
1812
1812
1812
1812
1812
1812
1812
1812
1812
1810
1812
1812
1812
1812
1812
1812
1812
1812
1812
1812
1812
1812
1812
1812
1812
1809
1812
1812
1812
1812
1812
1812
1812
1812
1812
1812
1812
1809
1812
1812
1812
1812
1812
1812
1812
1812
1812
1812
1812
1813
1812
1812
1812
1812
1812
1812
1812
1812
1812
1812
1812
1813
1812
1812
1812
1812
1812
1812
1812
1812
1812
1812
1812
1813
1812
1812
1812
1812
1812
1812
1812
1812
1812
1812
1812
1812
1812
1812
1812
1814
1812
1812
1812
1812
1812
1812
1812
1812
1812
1812
1812
1812
1812
1812
1812
1812
1812
1812
1812
1812
1812
1812
1812
1812
1812
1813
1812
1812
1812
1812
1812
1812
1812
1812
1812
1812
1812
1812
1812
1812
1812
1810
1812
1812
1812
1812
1812
1812
1812
1812
1812
1812
1812
1814
1812
1812
1812
1812
1812
1812
1812
1812
1812
1812
1812
1812
1812
1812
1812
1812
1812
1812
1812
1813
1812
1812
1812
1812
1812
1812
1812
1812
1812
1812
1812
1812
1812
1812
1812
1812
1812
1812
1812
1812
1812
1812
1812
1812
1812
1812
1812
1812
1812
1812
1812
1812
1812
1812
1812
1812
1812
1812
1812
1815
1812
1812
1812
1812
1812
1812
1812
1812
1812
1812
1812
1812
1812
1812
1812
1812
1812
1813
1812
1812
1812
1812
1812
1812
1812
1812
1812
1812
1812
1812
1812
1812
1812
1812
1812
1812
1812
1812
1812
1812
1812
1812
1812
1812
1812
1814
1812
1812
1812
1812
1812
1810
1812
1812
1812
1812
1812
1812
1812
1812
1812
1812
1812
1812
1812
1812
1812
1812
1812
1812
1812
1812
1812
1812
1812
1812
1812
1812
1812
1814
1812
1812
1812
1812
1812
1812
1812
1812
1812
1812
1812
1812
1812
1812
1812
1812
1812
1812
1812
1812
1812
1811
1812
1812
1812
1812
1812
1813
1812
1812
1812
1812
1812
1812
1812
1812
1812
1812
1812
1812
1812
1812
1812
1812
1812
1812
1812
1813
1812
1812
1812
1812
1812
1812
1812
1812
1812
1812
1812
1812
1812
1812
1812
1810
1812
1812
1812
1812
1812
1812
1812
1812
1812
1812
1812
1812
1812
1813
1812
1812
1812
1814
1812
1812
1812
1812
1812
1812
1812
1812
1812
1812
1812
1812
1812
1812
1812
1810
1812
1812
1812
1812
1812
1812
1812
1812
1812
1812
1812
1812
1812
1809
1812
1812
1812
1812
1812
1813
1812
1812
1812
1812
1812
1812
1812
1812
1812
1812
1812
1813
1812
1812
1812
1812
1812
1812
1812
1812
1812
1812
1812
1812
1812
1812
1812
1812
1812
1812
1812
1812
1812
1812
1812
1812
1812
1812
1812
1812
1812
1812
1812
1812
1812
1811
1812
1812
1812
1812
1812
1813
1812
1812
1812
1812
1812
1812
1812
1812
1812
1812
1812
1812
1812
1812
1812
1812
1812
1812
1812
1814
1812
1812
1812
1813
1812
1812
1812
1810
1812
1812
1812
1812
1812
1812
1812
1812
1812
1812
1812
1812
1812
1812
1812
1812
1812
1814
1812
1812
1812
1812
1812
1812
1812
1812
1812
1812
1812
1812
1812
1812
1812
1813
1812
1812
1812
1811
1812
1812
1812
1812
1812
1812
1812
1812
1812
1812
1812
1812
1812
1812
1812
1812
1812
1812
1812
1812
1812
1812
1812
1812
1812
1812
1812
1814
1812
1812
1812
1812
1812
1812
1812
1812
1812
1812
1812
1812
1812
1812
1812
1812
1812
1812
1812
1812
1812
1814
1812
1812
1812
1812
1812
1812
1812
1812
1812
1814
1812
1812
1812
1812
1812
1814
1812
1812
1812
1812
1812
1812
1812
1812
1812
1812
1812
1812
1812
1812
1812
1812
1812
1812
1812
1813
1812
1812
1812
1812
1812
1812
1812
1812
1812
1812
1812
1812
1812
1812
1812
1812
1812
1813
1812
1812
1812
1812
1812
1812
1812
1812
1812
1812
1812
1812
1812
1812
1812
1813
1812
1810
1812
1812
1812
1812
1812
1812
1812
1812
1812
1812
1812
1812
1812
1812
1812
1812
1812
1812
1812
1811
1812
1812
1812
1812
1812
1812
1812
1812
1812
1814
1812
1812
1812
1812
1812
1812
1812
1812
1812
1812
1812
1812
1812
1812
1812
1812
1812
1812
1812
1812
1812
1812
1812
1812
1812
1812
1812
1812
1812
1808
1812
1812
1812
1812
1812
1812
1812
1812
1812
1812
1812
1812
1812
1812
1812
1812
1812
1812
1812
1812
1812
1812
1812
1812
1812
1812
1812
1812
1812
1812
1812
1812
1812
1812
1812
1812
1812
1810
1812
1812
1812
1812
1812
1812
1812
1812
1812
1812
1812
1812
1812
1812
1812
1810
1812
1812
1812
1812
1812
1809
1812
1812
1812
1812
1812
1812
1812
1812
1812
1812
1812
1812
1812
1812
1812
1812
1812
1812
1812
1812
1812
1812
1812
1812
1812
1812
1812
1812
1812
1812
1812
1812
1812
1812
1812
1812
1812
1814
1812
1812
1812
1814
1812
1812
1812
1812
1812
1812
1812
1812
1812
1812
1812
1812
1812
1812
1812
1812
1812
1812
1812
1814
1812
1812
1812
1812
1812
1812
1812
1812
1812
1812
1812
1812
1812
1812
1812
1812
1812
1812
1812
1812
1812
1812
1812
1812
1812
1812
1812
1810
1812
1814
1812
1812
1812
1812
1812
1812
1812
1812
1812
1811
1812
1812
1812
1813
1812
1812
1812
1812
1812
1812
1812
1812
1812
1812
1812
1813
1812
1812
1812
1812
1812
1812
1812
1812
1812
1812
1812
1812
1812
1812
1812
1812
1812
1812
1812
1812
1812
1814
1812
1812
1812
1812
1812
1812
1812
1812
1812
1812
1812
1813
1812
1812
1812
1810
1812
1811
1812
1812
1812
1812
1812
1812
1812
1812
1812
1812
1812
1813
1812
1812
1812
1812
1812
1812
1812
1812
1812
1812
1812
1812
1812
1812
1812
1812
1812
1812
1812
1812
1894
1891
1888
1885
1883
1881
1878
1875
1873
1872
1869
1867
1865
1864
1862
1862
1859
