1786
1780
1774
1769
1765
1760
1756
1753
1751
1748
1748
1747
1748
1750
1752
1755
1759
1763
1768
1773
1779
1785
1791
1796
1801
1807
1812
1816
1818
1822
1824
1825
1826
1825
1825
1822
1819
1816
1812
1807
1802
1796
1791
1785
1779
1774
1769
1764
1760
1756
1753
1750
1748
1747
1747
1748
1750
1752
1756
1759
1764
1769
1774
1780
1785
1791
1796
1802
1807
1811
1816
1819
1822
1824
1827
1825
1825
1824
1822
1819
1816
1811
1808
1802
1796
1791
1785
1779
1774
1768
1764
1759
1757
1752
1750
1748
1747
1747
1748
1750
1753
1756
1760
1764
1769
1774
1780
1785
1791
1796
1802
1807
1812
1815
1821
1822
1825
1825
1826
1825
1824
1822
1819
1815
1811
1807
1801
1796
1791
1785
1778
1773
1768
1763
1759
1755
1752
1750
1748
1747
1748
1748
1750
1753
1756
1760
1764
1769
1775
1780
1786
1791
1797
1802
1808
1812
1817
1820
1822
1824
1825
1826
1825
1824
1822
1818
1815
1811
1806
1801
1796
1789
1785
1778
1773
1768
1763
1759
1757
1752
1749
1748
1747
1747
1748
1750
1753
1756
1760
1764
1770
1775
1781
1786
1793
1797
1803
1808
1813
1817
1821
1822
1824
1825
1826
1825
1824
1821
1819
1815
1811
1806
1801
1795
1790
1784
1778
1773
1768
1762
1759
1754
1752
1749
1748
1747
1746
1749
1751
1753
1757
1761
1764
1770
1775
1780
1787
1792
1798
1803
1808
1813
1817
1820
1823
1824
1826
1825
1825
1823
1821
1818
1815
1810
1805
1800
1796
1789
1783
1777
1773
1767
1762
1758
1755
1752
1749
1748
1747
1747
1748
1750
1753
1757
1761
1765
1770
1776
1781
1787
1793
1798
1804
1809
1813
1817
1820
1823
1825
1825
1825
1825
1823
1821
1818
1814
1810
1805
1800
1794
1789
1783
1777
1772
1767
1761
1758
1754
1752
1749
1748
1747
1748
1748
1751
1753
1757
1761
1766
1771
1776
1781
1787
1793
1799
1804
1809
1813
1817
1820
1824
1825
1825
1826
1825
1823
1821
1818
1814
1809
1805
1799
1794
1788
1783
1777
1771
1766
1762
1758
1754
1751
1749
1748
1747
1748
1749
1751
1754
1757
1761
1766
1771
1777
1782
1788
1795
1799
1805
1809
1814
1817
1821
1823
1825
1825
1825
1825
1824
1821
1816
1813
1809
1804
1797
1793
1788
1782
1777
1772
1766
1761
1757
1753
1751
1749
1749
1747
1748
1749
1751
1754
1757
1761
1767
1771
1777
1782
1789
1794
1800
1804
1809
1813
1818
1821
1821
1825
1825
1825
1825
1823
1821
1817
1813
1809
1806
1799
1793
1788
1782
1776
1771
1765
1761
1757
1754
1751
1749
1748
1747
1748
1749
1751
1754
1757
1762
1767
1772
1777
1782
1789
1794
1800
1805
1809
1815
1818
1818
1823
1825
1826
1825
1825
1823
1820
1819
1813
1809
1803
1799
1793
1787
1781
1776
1770
1765
1761
1757
1753
1753
1749
1748
1747
1748
1749
1751
1754
1758
1762
1769
1772
1777
1783
1789
1794
1800
1805
1810
1814
1818
1821
1823
1825
1825
1825
1825
1823
1820
1817
1813
1808
1804
1798
1793
1787
1781
1776
1770
1765
1761
1757
1749
1751
1749
1748
1747
1748
1749
1752
1755
1758
1763
1768
1773
1778
1784
1789
1795
1800
1805
1810
1816
1818
1821
1824
1825
1825
1826
1824
1823
1820
1817
1813
1808
1803
1797
1793
1786
1781
1775
1770
1764
1761
1757
1753
1751
1748
1748
1748
1748
1750
1752
1754
1759
1763
1768
1773
1779
1784
1790
1795
1801
1806
1811
1815
1818
1821
1824
1825
1826
1825
1824
1822
1820
1816
1812
1808
1803
1797
1792
1786
1781
1775
1769
1764
1760
1756
1753
1750
1748
1747
1747
1748
1749
1752
1755
1759
1763
1768
1773
1779
1785
1790
1795
1801
1808
1811
1815
1819
1821
1824
1825
1825
1825
1824
1823
1820
1815
1812
1808
1802
1797
1791
1785
1780
1774
1769
1764
1760
1757
1752
1749
1748
1748
1747
1748
1749
1751
1755
1759
1763
1769
1773
1779
1785
1790
1796
1802
1807
1812
1816
1819
1822
1824
1825
1826
1825
1825
1822
1819
1816
1812
1807
1802
1796
1791
1785
1780
1774
1770
1764
1760
1756
1754
1750
1748
1747
1748
1748
1750
1752
1755
1759
1764
1769
1774
1779
1785
1791
1797
1801
1808
1812
1816
1819
1822
1824
1825
1825
1825
1824
1822
1819
1816
1811
1807
1801
1796
1791
1785
1779
1774
1768
1764
1759
1755
1752
1751
1748
1747
1747
1748
1750
1753
1756
1760
1764
1769
1774
1780
1785
1791
1797
1802
1807
1809
1816
1820
1822
1824
1825
1826
1825
1824
1822
1819
1815
1811
1806
1801
1796
1790
1784
1779
1773
1768
1763
1758
1755
1752
1749
1748
1747
1748
1748
1750
1753
1756
1760
1764
1769
1775
1780
1786
1792
1797
1803
1807
1812
1817
1820
1823
1824
1826
1825
1825
1824
1821
1818
1815
1811
1806
1801
1796
1789
1784
1778
1773
1768
1763
1758
1756
1752
1749
1748
1748
1748
1748
1750
1753
1756
1761
1765
1770
1775
1781
1786
1792
1797
1803
1808
1812
1817
1820
1823
1824
1825
1826
1825
1824
1821
1818
1815
1810
1805
1802
1795
1791
1784
1778
1772
1767
1762
1758
1754
1752
1749
1748
1747
1748
1749
1750
1753
1757
1761
1765
1770
1775
1781
1787
1793
1797
1803
1808
1813
1817
1820
1825
1824
1826
1825
1824
1823
1821
1818
1814
1810
1803
1800
1794
1789
1783
1777
1772
1767
1762
1758
1755
1751
1749
1748
1746
1747
1749
1750
1753
1757
1762
1765
1770
1776
1781
1787
1793
1798
1804
1809
1813
1817
1820
1823
1825
1825
1827
1825
1824
1821
1818
1814
1810
1805
1800
1794
1789
1783
1777
1772
1767
1762
1758
1754
1751
1749
1747
1747
1748
1748
1751
1753
1757
1761
1766
1770
1776
1782
1788
1793
1799
1804
1809
1813
1817
1821
1823
1825
1826
1825
1825
1823
1821
1817
1814
1809
1805
1799
1793
1788
1783
1777
1772
1766
1762
1758
1754
1752
1749
1748
1747
1748
